0.0
0.0
1139.5
1401.8
1414.7
0.0
0.0
0.0
0.0
0.0
473.0
326.8
356.9
318.2
275.2
245.1
232.2
279.5
279.5
270.9
279.5
249.4
77.4
8.6
0.0
0.0
0.0
0.0
0.0
0.0
0.0
0.0
193.5
412.8
227.9
279.5
0.0
0.0
0.0
0.0
0.0
0.0
0.0
1199.7
1401.8
1414.7
1410.4
1427.6
1436.2
1431.9
369.284
398.61
398.61
375.82
347.784
319.49
319.49
319.49
319.49
319.49
319.49
310.03
303.494
296.356
289.992
284.488
279.586
285.52
286.38
294.464
293.432
291.97
298.162
323.962
352.342
380.89399999999995
380.89399999999995
380.89399999999995
380.89399999999995
380.89399999999995
380.89399999999995
380.89399999999995
380.89399999999995
377.02399999999994
368.768
364.2099999999999
358.61999999999995
358.61999999999995
358.61999999999995
358.61999999999995
358.61999999999995
358.7059999999999
358.7059999999999
359.04999999999995
335.4
307.79400000000004
279.5
251.722
223.17000000000004
194.44600000000003
165.80800000000002
136.482
136.482
136.482
136.91199999999998
137.34199999999998
137.772
138.202
138.63199999999998
138.63199999999998
138.63199999999998
138.63199999999998
138.63199999999998
138.63199999999998
138.63199999999998
138.63199999999998
138.63199999999998
128.054
121.69
108.016
121.77600000000001
139.578
154.37
127.022
98.47
69.918
69.918
69.918
69.918
69.918
69.918
69.918
69.918
69.918
69.918
69.918
69.918
69.918
69.918
69.918
69.918
69.832
69.832
90.902
90.55799999999999
90.12799999999999
90.12799999999999
89.698
104.404
104.404
130.46200000000002
134.332
134.332
134.332
133.90200000000002
133.472
133.042
138.03
137.6
137.6
157.122
165.03400000000002
171.14
192.382
192.382
192.382
192.382
192.382
192.296
192.296
174.15
152.22
126.42000000000003
148.95200000000006
177.59000000000003
206.74400000000006
235.98400000000004
265.56800000000004
295.1520000000001
324.13400000000007
353.4600000000001
382.9580000000001
382.9580000000001
383.30200000000013
383.30200000000013
383.30200000000013
383.30200000000013
383.3880000000001
383.73200000000014
384.07600000000014
384.42000000000013
384.7640000000002
385.1080000000002
364.0380000000002
364.3820000000002
364.7260000000002
365.1560000000002
365.5000000000002
351.13800000000015
351.4820000000002
325.7680000000002
322.2420000000002
322.5860000000002
322.93000000000023
323.2740000000002
323.6180000000002
323.9620000000003
318.88800000000026
319.2320000000003
319.5760000000003
300.3980000000003
292.8300000000003
286.72400000000033
265.9120000000003
266.3420000000003
266.3420000000003
266.42800000000034
266.6860000000003
266.9440000000003
266.9440000000003
266.9440000000003
267.1160000000003
267.2880000000003
245.10000000000034
216.80600000000032
187.99600000000038
159.0999999999999
129.8599999999999
100.61999999999988
71.98199999999989
43.00000000000001
13.846000000000005
14.190000000000007
14.190000000000007
14.276000000000005
14.620000000000006
14.878000000000007
14.964000000000008
14.964000000000008
14.964000000000008
14.964000000000008
14.964000000000008
14.878000000000007
14.878000000000007
14.878000000000007
14.878000000000007
14.706000000000003
14.620000000000003
14.534
14.448000000000002
14.362
14.276
14.104
13.759999999999998
13.673999999999996
13.415999999999997
13.329999999999995
13.243999999999993
13.071999999999992
12.899999999999993
12.555999999999992
12.727999999999993
12.727999999999993
12.297999999999993
11.867999999999993
11.867999999999993
11.781999999999993
11.523999999999994
11.265999999999995
11.265999999999995
11.351999999999993
11.437999999999994
11.609999999999992
11.953999999999992
12.297999999999995
12.641999999999994
12.727999999999994
12.469999999999995
12.211999999999994
11.953999999999994
11.695999999999994
12.039999999999994
12.383999999999993
12.727999999999994
13.329999999999995
13.674
14.104
14.62
14.963999999999999
15.307999999999998
15.651999999999996
15.995999999999997
16.426
16.769999999999996
17.113999999999994
17.199999999999996
17.027999999999995
16.855999999999995
16.683999999999994
16.769999999999992
17.113999999999994
16.941999999999993
17.371999999999993
17.973999999999993
18.317999999999994
18.833999999999993
19.177999999999994
19.521999999999995
19.951999999999995
20.381999999999998
20.983999999999995
21.07
21.671999999999997
22.188
22.789999999999996
23.391999999999992
23.993999999999993
24.59599999999999
25.19799999999999
25.799999999999986
26.31599999999998
26.659999999999982
26.74599999999998
26.659999999999982
26.573999999999977
26.487999999999985
26.659999999999982
27.17599999999998
27.69199999999998
28.20799999999998
28.72399999999998
28.63799999999998
28.55199999999998
28.551999999999985
28.465999999999987
28.379999999999992
28.379999999999995
28.38
28.380000000000006
28.380000000000006
28.38000000000001
28.380000000000013
28.380000000000017
28.380000000000024
28.380000000000024
28.638000000000023
29.240000000000027
29.84200000000003
30.444000000000027
30.788000000000032
30.874000000000038
31.476000000000035
31.476000000000035
31.47600000000003
31.476000000000028
31.47600000000002
31.476000000000017
31.476000000000013
31.47600000000001
31.476000000000003
31.476
31.475999999999996
31.47599999999999
31.56199999999999
31.561999999999983
31.56199999999998
31.561999999999976
31.56199999999997
31.561999999999966
31.561999999999962
31.561999999999962
31.561999999999962
31.561999999999962
31.475999999999964
30.959999999999965
30.873999999999963
30.787999999999965
30.701999999999966
30.61599999999997
30.529999999999973
30.443999999999974
30.357999999999976
30.271999999999977
30.099999999999977
30.01399999999998
29.927999999999983
29.755999999999986
29.58399999999999
29.41199999999999
28.723999999999993
28.035999999999994
27.43399999999999
26.831999999999994
26.22999999999999
26.057999999999993
25.88599999999999
25.713999999999988
25.541999999999987
25.369999999999987
25.197999999999983
25.025999999999982
24.85399999999998
24.76799999999998
24.68199999999998
24.509999999999977
24.165999999999983
24.07999999999998
23.993999999999982
23.90799999999998
23.82199999999998
23.30599999999998
22.789999999999978
22.27399999999998
22.187999999999978
22.10199999999998
22.01599999999998
21.92999999999998
21.84399999999998
21.757999999999978
21.671999999999983
21.58599999999998
21.499999999999982
21.413999999999984
21.413999999999984
21.843999999999983
21.843999999999983
21.843999999999983
21.843999999999983
21.413999999999984
21.413999999999984
21.413999999999984
21.413999999999984
21.413999999999984
21.413999999999984
21.413999999999984
21.413999999999984
21.413999999999984
21.413999999999984
21.413999999999984
21.929999999999982
22.44599999999998
22.87599999999998
23.30599999999998
23.73599999999998
23.73599999999998
23.73599999999998
23.73599999999998
23.73599999999998
23.73599999999998
23.73599999999998
23.73599999999998
23.73599999999998
23.73599999999998
23.73599999999998
23.82199999999998
24.07999999999998
23.993999999999982
23.907999999999983
23.907999999999983
23.821999999999985
24.165999999999983
24.50999999999998
24.85399999999998
24.767999999999983
24.681999999999984
24.595999999999986
24.42399999999999
24.25199999999999
24.07999999999999
23.907999999999994
23.735999999999994
23.563999999999997
23.392
23.22
23.048000000000002
22.876000000000005
22.704000000000004
22.532000000000007
22.790000000000006
22.618000000000006
22.44600000000001
22.27400000000001
22.10200000000001
21.930000000000014
21.758000000000017
21.586000000000016
21.41400000000002
21.242000000000022
21.07000000000002
20.898000000000025
20.726000000000028
20.554000000000023
20.382000000000026
20.210000000000026
20.038000000000025
19.866000000000028
19.694000000000027
19.522000000000023
19.26400000000002
18.834000000000017
18.66200000000002
18.404000000000014
18.146000000000015
17.97400000000001
17.80200000000001
17.63000000000001
17.45800000000001
17.28600000000001
17.028000000000006
16.856000000000005
16.684000000000005
16.512
16.339999999999996
16.167999999999996
15.995999999999997
15.823999999999995
15.565999999999992
15.22199999999999
14.877999999999993
14.533999999999992
14.189999999999992
13.845999999999993
13.501999999999992
13.15799999999999
12.81399999999999
12.469999999999992
12.12599999999999
11.781999999999991
11.43799999999999
11.093999999999992
10.749999999999991
10.405999999999992
10.061999999999992
9.717999999999993
9.373999999999993
9.029999999999994
8.685999999999995
8.341999999999995
7.997999999999995
7.6539999999999955
7.309999999999997
6.965999999999997
6.793999999999999
6.707999999999998
6.364
6.106
9.288000000000002
8.944
8.686000000000002
8.600000000000001
8.256000000000002
8.084000000000001
7.826000000000002
7.568000000000001
7.482
7.396000000000002
7.998000000000001
7.8260000000000005
7.654000000000001
7.482
7.31
7.138000000000001
7.052000000000001
6.880000000000003
6.966000000000003
6.794000000000003
7.138000000000003
7.826000000000002
8.084000000000001
8.084000000000001
8.170000000000002
8.256000000000002
8.342000000000002
8.428000000000003
8.514000000000003
8.600000000000003
9.202000000000004
9.374000000000004
9.718000000000004
9.718000000000004
9.804000000000004
9.890000000000004
9.976000000000004
10.062000000000005
10.320000000000004
10.406000000000004
10.492000000000003
10.578000000000001
10.664000000000001
10.836000000000002
11.180000000000001
11.266000000000002
11.180000000000001
11.008000000000004
11.094000000000003
11.094000000000001
7.654000000000004
7.826000000000005
7.9980000000000055
8.342000000000006
8.428000000000004
8.600000000000005
8.858000000000004
9.202000000000004
9.374000000000004
10.492000000000003
10.148000000000003
11.180000000000005
14.018000000000002
15.910000000000002
16.254000000000005
17.200000000000003
18.146
18.576
18.404
19.35
20.038
20.382
20.296
20.381999999999998
20.381999999999998
20.381999999999998
20.468
20.897999999999996
21.156
21.156
21.843999999999998
23.477999999999998
24.509999999999994
24.767999999999997
24.767999999999997
24.767999999999994
24.853999999999992
24.93999999999999
24.767999999999986
24.767999999999986
24.767999999999986
24.767999999999986
24.767999999999986
24.681999999999988
24.42399999999999
24.42399999999999
24.42399999999998
24.42399999999998
24.42399999999998
24.42399999999998
24.42399999999998
24.33799999999998
24.25199999999998
23.99399999999998
23.99399999999998
23.821999999999974
23.649999999999977
23.391999999999975
23.39199999999997
22.445999999999977
23.13399999999998
22.187999999999978
19.349999999999984
18.74799999999998
22.35999999999998
22.78999999999998
22.961999999999986
22.703999999999986
22.87599999999999
23.134000000000004
22.87600000000001
24.080000000000005
24.768000000000008
24.940000000000005
24.94000000000001
24.940000000000005
24.940000000000005
24.596000000000004
24.338
24.338
23.134
21.413999999999998
20.209999999999994
20.037999999999993
20.037999999999993
20.03799999999999
19.95199999999999
19.86599999999999
19.86599999999999
19.86599999999999
19.86599999999999
19.86599999999999
19.865999999999985
19.865999999999985
19.865999999999982
19.865999999999982
19.865999999999982
19.865999999999982
19.865999999999982
19.865999999999982
19.86599999999998
19.86599999999998
19.865999999999975
19.951999999999977
19.951999999999977
19.951999999999977
19.951999999999977
19.865999999999975
19.693999999999974
19.435999999999975
18.317999999999973
18.231999999999967
18.231999999999967
16.941999999999968
12.985999999999981
11.609999999999998
10.406000000000008
10.406000000000011
10.14800000000001
9.030000000000008
8.256000000000009
6.106000000000006
5.3320000000000025
5.246000000000002
5.3320000000000025
5.8480000000000025
5.762000000000003
5.762000000000003
6.708000000000003
7.052000000000003
7.052000000000003
7.138000000000003
7.224000000000002
8.342000000000002
8.342000000000002
8.342000000000002
8.514000000000001
8.600000000000001
8.600000000000001
8.686000000000002
8.772000000000002
9.116000000000001
9.116000000000001
9.288000000000002
9.804000000000002
9.804000000000002
9.804000000000002
9.804000000000002
9.804000000000002
9.804000000000002
9.804000000000004
10.062000000000001
10.062000000000003
10.062000000000003
10.062000000000003
10.148000000000003
10.664000000000003
10.922000000000004
11.180000000000005
11.180000000000005
11.266000000000005
11.352000000000006
11.352000000000006
11.352000000000002
11.352000000000002
11.438000000000004
11.438000000000002
11.266000000000002
11.352000000000002
11.352000000000002
11.352000000000002
11.438000000000004
11.524000000000006
11.524000000000006
11.438000000000006
10.922000000000008
10.922000000000004
10.836000000000006
9.97600000000001
9.71800000000001
9.71800000000001
9.71800000000001
9.54600000000001
8.514000000000008
8.686000000000009
8.77200000000001
8.600000000000009
8.686000000000007
8.944000000000006
8.944000000000006
8.858000000000006
8.514000000000005
8.686000000000005
8.772000000000004
8.256000000000004
8.256000000000004
8.514000000000003
8.600000000000003
8.600000000000003
9.030000000000003
9.030000000000003
8.772000000000002
8.858000000000002
9.116000000000003
9.202000000000004
9.202000000000004
8.686000000000003
8.600000000000001
8.170000000000002
8.084000000000003
7.998000000000003
7.9120000000000035
7.998000000000004
7.998000000000004
8.084000000000005
7.998000000000004
7.998000000000004
7.998000000000004
7.9120000000000035
7.912000000000005
7.9980000000000055
7.912000000000006
8.342000000000006
8.256000000000006
8.514000000000006
8.772000000000006
8.858000000000006
8.858000000000006
8.944000000000006
9.116000000000005
9.116000000000005
9.116000000000005
9.374000000000006
9.288000000000006
9.116000000000005
9.202000000000004
9.460000000000003
10.148000000000003
9.890000000000002
9.804000000000002
9.804000000000002
9.804000000000002
9.632000000000003
9.374000000000002
9.804000000000004
9.890000000000004
9.976000000000004
10.234000000000002
10.320000000000002
10.234000000000002
10.320000000000002
10.578000000000001
10.750000000000005
10.406
10.320000000000002
10.492000000000003
10.922000000000002
10.750000000000002
10.836000000000002
10.836000000000002
10.922
10.922
10.836000000000002
10.835999999999999
10.75
10.922
11.008000000000003
11.008000000000003
11.352000000000002
11.438000000000004
11.438000000000004
11.438000000000002
11.180000000000005
11.180000000000005
10.922000000000002
10.664000000000003
10.664000000000003
10.750000000000005
10.922000000000004
11.008000000000006
11.094000000000005
11.008000000000004
11.008000000000004
11.094000000000005
11.094000000000003
10.922000000000002
10.750000000000002
9.890000000000004
10.148000000000003
10.148000000000003
10.234000000000005
10.320000000000004
10.320000000000007
10.320000000000007
9.890000000000008
9.804000000000007
9.890000000000008
9.546000000000006
9.546000000000006
9.202000000000005
9.116000000000005
8.944000000000006
8.858000000000006
9.374000000000006
9.460000000000006
9.202000000000005
8.858000000000006
8.858000000000006
8.944000000000006
9.030000000000006
8.944000000000006
8.944000000000006
8.944000000000006
8.944000000000006
9.116000000000005
9.116000000000003
9.030000000000003
9.116000000000003
8.944000000000003
8.772000000000004
8.858000000000002
8.858000000000004
8.600000000000003
8.600000000000003
8.600000000000003
8.686000000000003
8.686000000000005
8.600000000000005
8.256000000000004
8.256000000000002
8.256000000000002
8.256000000000002
7.998000000000003
7.9120000000000035
7.9120000000000035
7.998000000000004
7.912000000000005
7.912000000000005
7.7400000000000055
7.826000000000007
7.826000000000007
7.740000000000008
7.740000000000008
7.740000000000008
8.084000000000009
8.256000000000007
7.7400000000000055
7.912000000000005
7.912000000000005
8.084000000000005
8.342000000000004
8.256000000000004
8.084000000000005
8.256000000000002
8.342000000000002
8.514
8.427999999999999
8.427999999999999
8.256
8.341999999999999
8.428
8.428
8.6
8.686
8.514000000000001
8.342
8.428000000000003
8.428000000000003
8.342000000000002
8.342000000000002
8.170000000000002
8.170000000000003
8.342000000000002
8.342000000000002
8.514000000000003
8.686000000000002
9.030000000000001
9.030000000000003
9.030000000000003
8.686000000000003
8.600000000000005
8.600000000000005
8.600000000000005
8.686000000000005
8.686000000000005
8.600000000000005
8.600000000000005
8.600000000000005
8.600000000000005
8.600000000000007
8.772000000000006
8.858000000000006
8.772000000000006
8.772000000000006
8.772000000000006
8.600000000000005
8.686000000000005
8.514000000000006
8.428000000000006
8.256000000000006
8.084000000000007
8.084000000000007
8.084000000000007
7.396000000000006
7.138000000000004
6.966000000000005
7.138000000000004
7.138000000000004
7.138000000000004
6.966000000000005
6.880000000000006
6.794000000000004
6.622000000000005
6.536000000000005
6.622000000000005
6.794000000000004
6.794000000000003
6.708000000000003
6.622000000000003
6.708000000000004
6.794000000000004
6.880000000000004
6.7080000000000055
6.7080000000000055
6.708000000000004
6.450000000000005
6.106000000000003
6.020000000000003
6.020000000000003
6.106000000000003
6.278000000000003
6.364000000000003
6.450000000000004
6.450000000000004
6.450000000000004
6.450000000000004
6.536000000000004
6.536000000000004
6.450000000000004
6.364000000000003
6.192000000000003
6.020000000000002
6.192000000000003
6.192000000000003
6.278000000000002
6.364000000000002
6.450000000000002
6.450000000000004
6.450000000000004
6.536000000000004
6.364000000000002
6.536000000000001
6.708000000000001
8.342000000000002
8.686000000000002
8.772000000000002
8.600000000000001
8.600000000000001
8.600000000000001
8.686000000000002
8.686000000000002
8.858000000000002
8.772000000000002
8.772000000000002
8.600000000000001
8.342000000000002
8.256000000000002
8.256000000000004
8.256000000000004
8.170000000000003
8.084000000000003
7.998000000000004
8.256000000000004
8.256000000000004
8.084000000000005
8.084000000000003
8.170000000000003
8.342000000000004
8.342000000000004
8.514000000000005
9.632000000000003
9.546000000000005
9.460000000000004
9.288000000000004
9.374000000000004
9.460000000000004
9.460000000000004
9.460000000000004
9.632000000000005
10.578000000000005
10.492000000000003
10.836000000000004
10.664000000000005
10.578000000000005
10.234000000000004
10.062000000000005
9.890000000000006
9.890000000000006
10.492000000000004
10.492000000000004
19.350000000000005
21.930000000000003
34.83000000000001
41.968
43.43
43.258
51.42800000000001
51.514
62.092000000000006
68.02600000000001
71.81000000000002
81.95800000000001
87.29000000000002
100.19000000000001
108.96200000000003
108.96200000000003
109.04800000000003
117.04600000000003
117.04600000000003
126.59200000000004
127.79600000000003
127.96800000000003
136.65400000000002
140.69600000000003
140.78200000000004
150.75800000000004
154.97200000000004
163.22800000000004
172.86000000000004
173.46200000000002
184.29800000000003
191.52200000000005
191.69400000000002
202.27200000000002
207.94799999999998
207.94800000000004
217.06400000000002
220.418
236.24200000000002
246.132
248.02399999999997
259.634
270.55600000000004
276.232
276.232
286.122
290.336
305.3
321.89799999999997
336.17400000000004
339.7
343.226
330.67
332.13200000000006
335.48600000000005
347.69800000000004
355.954
362.92
365.414
368.0800000000001
368.0800000000001
363.09200000000004
363.522
350.62199999999996
351.4819999999999
354.8359999999999
366.7899999999999
367.90799999999996
374.616
381.496
398.69599999999997
399.55600000000004
401.87800000000004
415.38
433.784
442.814
456.91799999999995
467.152
476.01
493.726
500.17599999999993
511.44199999999984
529.8459999999999
537.8439999999998
550.6579999999998
569.2339999999998
578.6079999999998
594.6039999999998
597.2699999999998
605.0959999999999
621.8659999999999
628.66
636.4
649.3
667.7899999999998
676.7339999999998
680.776
666.156
665.4679999999998
669.3380000000001
675.53
689.0320000000002
707.1780000000002
716.3800000000001
729.882
736.2460000000001
738.3960000000001
749.92
755.1659999999999
765.6579999999999
769.6139999999999
765.2280000000001
769.7860000000001
776.8380000000001
780.02
784.3199999999998
772.5379999999999
772.5379999999999
766.3459999999998
759.6379999999997
742.1799999999997
741.4059999999996
732.5479999999995
715.0039999999995
697.5459999999996
678.8839999999998
661.3399999999998
642.8499999999999
631.9279999999999
613.4379999999998
603.8919999999998
587.6379999999998
569.4919999999997
553.3239999999997
534.8339999999998
517.5479999999998
501.98199999999974
499.4019999999998
499.1439999999998
499.1439999999999
499.2299999999999
499.4019999999999
499.57399999999984
499.832
500.0040000000001
500.09000000000015
510.75400000000013
529.1580000000001
531.6520000000002
532.2540000000001
531.9960000000001
528.9860000000001
528.9000000000001
528.384
528.814
515.9999999999999
513.334
513.1619999999999
497.33799999999997
494.93
505.67999999999995
523.654
532.2539999999999
544.1219999999998
550.3139999999999
543.9499999999998
560.2899999999998
569.7499999999999
588.0679999999998
592.8839999999998
610.1699999999998
624.6179999999998
633.7339999999999
648.7839999999999
655.8359999999998
662.3719999999998
671.2299999999999
682.9259999999999
685.0759999999999
691.6979999999998
690.1499999999997
695.3099999999997
702.6199999999997
701.9319999999998
702.0179999999997
701.6739999999998
698.7499999999999
681.9800000000001
663.6619999999999
645.0859999999999
626.3379999999999
607.5039999999999
588.7559999999999
569.9219999999998
551.0879999999999
538.8759999999999
520.0419999999999
501.5519999999999
482.71799999999996
464.142
445.9099999999999
429.05400000000003
410.65
392.074
372.98199999999997
367.306
351.3959999999999
332.906
330.412
313.55599999999987
295.06599999999986
276.4899999999999
257.65599999999984
238.73599999999988
219.9019999999999
218.7839999999999
202.18599999999984
183.52399999999983
164.68999999999997
150.24200000000005
132.01000000000005
117.39000000000006
105.86600000000006
90.81600000000006
82.81800000000007
75.93800000000006
66.04800000000004
54.438000000000045
44.63400000000002
37.92599999999997
30.44399999999998
22.96199999999998
15.13599999999999
13.501999999999986
13.415999999999988
12.383999999999991
12.297999999999991
12.469999999999992
12.555999999999992
12.469999999999992
12.383999999999993
12.297999999999993
12.469999999999994
12.555999999999992
12.64199999999999
6.622000000000002
6.536000000000001
6.192000000000002
5.934000000000002
5.676000000000003
5.676000000000001
5.676000000000001
5.504000000000002
5.160000000000002
5.504000000000002
5.504000000000002
5.504000000000002
5.504000000000002
5.504000000000003
5.504000000000003
5.504000000000003
5.246000000000002
5.246000000000002
5.160000000000002
4.988000000000002
4.902000000000003
4.902000000000003
4.988000000000003
4.902000000000004
4.730000000000003
4.730000000000003
4.558000000000003
4.558000000000003
4.558000000000003
11.438000000000004
11.352000000000002
12.126000000000003
11.954000000000002
12.384000000000004
12.384
12.384
12.47
12.556
12.556
12.469999999999997
12.383999999999997
12.297999999999996
12.125999999999994
11.867999999999995
11.867999999999993
11.953999999999992
12.125999999999992
11.953999999999992
11.95399999999999
11.86799999999999
11.265999999999993
11.351999999999991
11.351999999999991
11.351999999999991
11.437999999999994
11.437999999999994
11.609999999999992
11.695999999999994
11.781999999999996
11.524
11.61
11.524000000000001
11.61
11.61
11.61
11.868000000000002
11.868000000000002
11.954000000000002
12.040000000000003
12.126000000000001
12.126000000000001
12.212
12.212
12.212
12.384
12.384
12.556000000000001
12.642000000000001
12.728000000000002
6.020000000000001
6.106000000000002
5.418000000000001
5.934000000000001
5.676
5.676
5.762000000000001
5.762000000000001
5.848000000000002
5.934000000000002
7.998000000000002
8.170000000000002
8.256000000000002
8.342000000000002
8.514000000000003
8.514000000000003
8.514000000000003
8.514000000000003
8.600000000000003
8.686000000000003
8.686000000000003
8.772000000000004
8.686000000000002
8.686000000000002
8.858000000000002
8.772000000000004
8.686000000000003
8.600000000000003
8.514000000000005
8.600000000000005
8.600000000000003
8.514000000000005
8.686000000000005
8.858000000000004
8.944000000000006
9.030000000000006
8.858000000000006
8.944000000000006
8.858000000000006
8.858000000000008
8.944000000000006
9.116000000000007
9.890000000000008
9.890000000000006
9.976000000000006
10.062000000000006
10.406000000000004
10.320000000000004
10.234000000000005
10.148000000000005
9.976000000000004
10.062000000000005
10.062000000000005
9.632000000000005
9.632000000000007
9.632000000000007
9.546000000000006
9.460000000000006
9.460000000000006
9.460000000000006
7.3960000000000035
7.224000000000005
7.138000000000005
7.052000000000005
6.966000000000005
6.966000000000005
6.966000000000005
7.224000000000005
7.138000000000005
7.052000000000004
7.138000000000004
7.052000000000005
7.2240000000000055
7.310000000000006
7.2240000000000055
8.428000000000004
8.514000000000005
8.514000000000005
8.514000000000005
8.342000000000006
8.428000000000004
8.514000000000005
8.514000000000005
8.342000000000006
8.256000000000006
8.428000000000006
8.428000000000006
8.256000000000006
8.256000000000006
8.342000000000006
8.342000000000006
8.170000000000007
7.396000000000006
7.482000000000006
7.654000000000004
7.482000000000005
7.138000000000004
7.224000000000005
7.224000000000003
7.224000000000005
7.310000000000003
7.224000000000005
7.3960000000000035
7.310000000000002
7.224000000000002
7.224000000000003
7.224000000000002
7.568000000000001
7.568000000000003
7.482000000000003
7.482000000000003
7.6540000000000035
7.740000000000004
7.826000000000004
7.998000000000004
8.084000000000005
8.170000000000005
7.9120000000000035
7.998000000000004
8.084000000000005
8.084000000000005
8.170000000000005
8.170000000000005
8.256000000000006
8.342000000000008
7.224000000000006
7.224000000000006
7.310000000000007
7.310000000000007
7.310000000000007
7.224000000000006
7.224000000000006
7.138000000000006
7.138000000000006
7.2240000000000055
7.310000000000005
7.310000000000005
7.654000000000004
7.654000000000004
7.568000000000004
7.482000000000004
7.482000000000004
7.396000000000003
7.396000000000003
7.224000000000002
7.224000000000002
7.224000000000002
7.310000000000002
7.396000000000003
7.396000000000003
7.224000000000003
7.224000000000003
7.138000000000003
7.138000000000003
7.138000000000003
7.482000000000004
9.116000000000003
8.944000000000003
8.858000000000004
8.858000000000004
8.944000000000004
8.858000000000006
8.858000000000006
8.772000000000006
8.600000000000005
8.514000000000005
8.428000000000004
8.342000000000004
8.256000000000006
8.256000000000006
8.342000000000006
8.256000000000007
8.256000000000007
8.256000000000007
8.170000000000007
8.342000000000006
8.342000000000006
8.342000000000006
8.514000000000005
8.600000000000007
8.600000000000007
8.686000000000005
8.772000000000006
8.858000000000006
8.772000000000006
8.600000000000005
8.514000000000005
8.256000000000006
8.256000000000006
8.428000000000006
8.600000000000005
8.686000000000005
8.772000000000006
8.772000000000006
8.772000000000006
8.772000000000006
8.772000000000006
8.600000000000005
8.514000000000006
8.514000000000006
8.514000000000006
8.600000000000007
8.514000000000006
8.600000000000007
8.600000000000007
8.256000000000006
6.622000000000003
6.536000000000004
6.622000000000003
6.622000000000003
6.622000000000005
6.7080000000000055
6.7080000000000055
6.794000000000006
6.794000000000006
6.794000000000007
6.794000000000007
6.794000000000007
6.9660000000000055
6.9660000000000055
6.880000000000006
6.880000000000006
6.794000000000004
6.794000000000006
6.966000000000004
6.708000000000004
6.794000000000004
6.794000000000004
6.622000000000005
6.536000000000005
6.536000000000005
6.364000000000003
6.364000000000004
6.278000000000004
6.278000000000004
6.192000000000004
6.278000000000004
6.278000000000004
6.278000000000004
6.106000000000003
5.934000000000003
6.450000000000002
6.708000000000003
6.622000000000002
6.622000000000002
6.622000000000002
6.622000000000002
6.6220000000000026
6.8800000000000034
6.8800000000000034
6.8800000000000034
6.794000000000003
6.794000000000003
6.708000000000004
6.708000000000004
6.7080000000000055
6.708000000000004
6.7080000000000055
6.622000000000005
6.622000000000005
6.536000000000005
6.4500000000000055
6.536000000000006
6.450000000000005
6.450000000000005
6.450000000000005
6.4500000000000055
6.4500000000000055
6.364000000000005
6.278000000000005
6.278000000000005
6.278000000000005
6.364000000000005
6.278000000000007
6.106000000000006
6.106000000000006
6.192000000000006
6.106000000000005
6.106000000000006
6.106000000000005
6.106000000000005
6.106000000000006
6.020000000000006
6.020000000000006
6.020000000000007
6.020000000000007
5.9340000000000055
5.9340000000000055
5.9340000000000055
5.9340000000000055
5.9340000000000055
5.332000000000004
4.988000000000004
4.988000000000004
4.988000000000004
4.988000000000004
4.988000000000004
4.988000000000005
4.730000000000004
4.730000000000004
4.730000000000005
4.730000000000005
4.730000000000005
4.730000000000005
4.730000000000005
4.730000000000005
4.730000000000005
4.730000000000005
4.902000000000005
4.988000000000005
4.988000000000005
4.988000000000005
4.988000000000004
4.988000000000004
4.988000000000004
4.988000000000004
4.988000000000003
4.988000000000003
5.160000000000004
5.3320000000000025
5.3320000000000025
5.3320000000000025
5.3320000000000025
5.3320000000000025
5.418000000000003
5.418000000000002
5.332000000000002
5.332000000000002
5.332000000000002
5.332000000000002
5.332000000000002
5.332000000000002
5.3320000000000025
5.3320000000000025
5.3320000000000025
5.246000000000002
5.160000000000002
5.0740000000000025
5.0740000000000025
5.0740000000000025
5.0740000000000025
5.0740000000000025
5.0740000000000025
5.0740000000000025
4.988000000000003
4.902000000000003
4.902000000000004
4.816000000000003
4.730000000000003
4.730000000000004
4.644000000000004
4.558000000000003
4.472000000000004
4.472000000000004
4.472000000000004
4.472000000000004
4.386000000000004
4.386000000000005
4.214000000000004
4.042000000000003
3.956000000000003
3.8700000000000028
3.698000000000002
3.6120000000000014
3.526000000000002
3.4400000000000013
3.354000000000001
3.268000000000001
2.9240000000000004
2.665999999999999
2.5799999999999987
2.493999999999999
2.321999999999999
2.235999999999999
2.063999999999999
1.9779999999999993
1.8059999999999994
1.7199999999999995
1.6339999999999995
1.5479999999999996
1.4619999999999995
1.3759999999999997
1.2899999999999998
1.2039999999999997
1.1179999999999997
1.1179999999999997
1.1179999999999997
1.1179999999999997
1.0319999999999998
0.9459999999999998
0.8599999999999999
0.7739999999999999
0.688
0.602
0.602
0.602
0.516
0.516
0.516
0.43
0.43
0.43
0.43
0.344
0.25799999999999995
0.172
0.172
0.086
0.0
0.0
0.0
0.0
0.0
0.0
0.0
0.0
0.0
0.0
0.0
0.0
0.0
0.0
0.0
0.0
0.0
0.0
0.0
0.0
0.0
0.0
0.0
0.0
0.0
0.0
0.0
0.0
0.0
0.0
0.0
0.0
0.0
0.0
0.0
0.0
0.0
0.0
0.0
0.0
0.0
0.0
0.0
0.0
0.0
0.0
0.0
0.0
0.0
0.0
0.0
0.0
0.0
0.0
0.0
0.0
0.0
0.0
0.0
0.0
0.0
0.0
0.0
0.0
0.0
0.0
0.0
0.0
0.0
0.0
0.0
0.0
0.0
0.0
0.0
0.0
0.0
0.0
0.0
0.0
0.0
0.0
0.0
0.0
0.0
0.0
0.0
0.0
0.0
0.0
0.0
0.0
0.0
0.0
0.0
0.0
0.0
0.0
0.0
0.0
0.0
0.0
0.0
0.0
0.0
0.0
0.0
0.0
0.0
0.0
0.0
0.0
0.0
0.0
0.0
0.0
0.0
0.0
0.0
0.0
0.0
0.0
0.0
0.0
0.0
0.0
0.0
0.0
0.0
0.0
0.0
0.0
0.0
0.0
0.0
0.0
0.0
0.0
0.0
0.0
0.0
0.0
0.0
0.0
0.0
0.0
0.0
0.0
0.0
0.0
0.0
0.0
0.0
0.0
0.0
0.0
0.0
0.0
0.0
0.0
0.0
0.0
0.0
0.0
0.0
0.0
0.0
0.0
0.0
0.0
0.0
0.0
0.0
0.0
0.0
0.0
0.0
0.0
0.0
0.0
0.0
0.0
0.0
0.0
0.0
0.0
0.0
0.0
0.0
0.0
0.0
0.0
0.0
0.0
0.0
0.0
0.0
0.0
0.0
0.0
0.0
0.0
0.0
0.0
0.0
0.0
0.0
0.0
0.0
0.0
0.0
0.0
0.0
0.0
0.0
0.0
0.0
0.0
0.0
0.0
0.0
0.0
0.0
0.0
0.0
0.0
0.0
0.0
0.0
0.0
0.0
0.0
0.0
0.0
0.0
0.0
0.0
0.0
0.0
0.0
0.0
0.0
0.0
0.0
0.0
0.0
0.0
0.0
0.0
0.0
0.0
0.0
0.0
0.0
0.0
0.0
0.0
0.0
0.0
0.0
0.0
0.0
0.0
0.0
0.0
0.0
0.0
0.0
0.0
0.0
0.0
0.0
0.0
0.0
0.0
0.0
0.0
0.0
0.0
0.0
0.0
0.0
0.0
0.0
0.0
0.0
0.0
0.0
0.0
0.0
0.0
0.0
0.0
0.0
0.0
0.0
0.0
0.0
0.0
0.0
0.0
0.0
0.0
0.0
0.0
0.0
0.0
0.0
0.0
0.0
0.0
0.0
0.0
0.0
0.0
0.0
0.0
0.0
0.0
0.0
0.0
0.0
0.0
0.0
0.0
0.0
0.0
0.0
0.0
0.0
0.0
0.0
0.0
0.0
0.0
0.0
0.0
0.0
0.0
0.0
0.0
0.0
0.0
0.0
0.0
0.0
0.0
0.0
0.0
0.0
0.0
0.0
0.0
0.0
0.0
0.0
0.0
0.0
0.0
0.0
0.0
0.0
0.0
0.0
0.0
0.0
0.0
0.0
0.0
0.0
0.0
0.0
0.0
0.0
0.0
0.0
0.0
0.0
0.0
0.0
0.0
0.0
0.0
0.0
0.0
0.0
0.0
0.0
0.0
0.0
0.0
0.0
0.0
0.0
0.0
0.0
0.0
0.0
0.0
0.0
0.0
0.0
0.0
0.0
0.0
0.0
0.0
0.0
0.0
0.0
0.0
0.0
0.0
0.0
0.0
0.0
0.0
0.0
0.0
0.0
0.0
0.0
0.0
0.0
0.0
0.0
0.0
0.0
0.0
0.0
0.0
0.0
0.0
0.0
0.0
0.0
0.0
0.0
0.0
0.0
0.0
0.0
0.0
0.0
0.0
0.0
0.0
0.0
0.0
0.0
0.0
0.0
0.0
0.0
0.0
0.0
0.0
0.0
0.0
0.0
0.0
0.0
0.0
0.0
0.0
0.0
0.0
0.0
0.0
0.0
0.0
0.0
0.0
0.0
0.0
0.0
0.0
0.0
0.0
0.0
0.0
0.0
0.0
0.0
0.0
0.0
0.0
0.0
0.0
0.0
0.0
0.0
0.0
0.0
0.0
0.0
0.0
0.0
0.0
0.0
0.0
0.0
0.0
0.0
0.0
0.0
0.0
0.0
0.0
0.0
0.0
0.0
0.0
0.0
0.0
0.0
0.0
0.0
0.0
0.0
0.0
0.0
0.0
0.0
0.0
0.0
0.0
0.0
0.0
0.0
0.0
0.0
0.0
0.0
0.0
0.0
0.0
0.0
0.0
0.0
0.0
0.0
0.0
0.0
0.0
0.0
0.0
0.0
0.0
0.0
0.0
0.0
0.0
0.0
0.0
0.0
0.0
0.0
0.0
0.0
0.0
0.0
0.0
0.0
0.0
0.0
0.0
0.0
0.0
0.0
0.0
0.0
0.0
0.0
0.0
0.0
0.0
0.0
0.0
0.0
0.0
0.0
0.0
0.0
0.0
0.0
0.0
0.0
0.0
0.0
0.0
0.0
0.0
0.0
0.0
0.0
0.0
0.0
0.0
0.0
0.0
0.0
0.0
0.0
0.0
0.0
0.0
0.0
0.0
0.0
0.0
0.0
0.0
0.0
0.0
0.0
0.0
0.0
0.0
0.0
0.0
0.0
0.0
0.0
0.0
0.0
0.0
0.0
0.0
0.0
0.0
0.0
0.0
0.0
0.0
0.0
0.0
0.0
0.0
0.0
0.0
0.0
0.0
0.0
0.0
0.0
0.0
0.0
0.0
0.0
0.0
0.0
0.0
0.0
0.0
0.0
0.0
0.0
0.0
0.0
0.0
0.0
0.0
0.0
0.0
0.0
0.0
0.0
0.0
0.0
0.0
0.0
0.0
0.0
0.0
0.0
0.0
0.0
0.0
0.0
0.0
0.0
0.0
0.0
0.0
0.0
0.0
0.0
0.0
0.0
0.0
0.0
0.0
0.0
0.0
0.0
0.0
0.0
0.0
0.0
0.0
0.0
0.0
0.0
0.0
0.0
0.0
0.0
0.0
0.0
0.0
0.0
0.0
0.0
0.0
0.0
0.0
0.0
0.0
0.0
0.0
0.0
0.0
0.0
0.0
0.0
0.0
0.0
0.0
0.0
0.0
0.0
0.0
0.0
0.0
0.0
0.0
0.0
0.0
0.0
0.0
0.0
0.0
0.0
0.0
0.0
0.0
0.0
0.0
0.0
0.0
0.0
0.0
0.0
0.0
0.0
0.0
0.0
0.0
0.0
0.0
0.0
0.0
0.0
0.0
0.0
0.0
0.0
0.0
0.0
0.0
0.0
0.0
0.0
0.0
0.0
0.0
0.0
0.0
0.0
0.0
0.0
0.0
0.0
0.0
0.0
0.0
0.0
0.0
0.0
0.0
0.0
0.0
0.0
0.0
0.0
0.0
0.0
0.0
0.0
0.0
0.0
0.0
0.0
0.0
0.0
0.0
0.0
0.0
0.0
0.0
0.0
0.0
0.0
0.0
0.0
0.0
0.0
0.0
0.0
0.0
0.0
0.0
0.0
0.0
0.0
0.0
0.0
0.0
0.0
0.0
0.0
0.0
0.0
0.0
0.0
0.0
0.0
0.0
0.0
0.0
0.0
0.0
0.0
0.0
0.0
0.0
0.0
0.0
0.0
0.0
0.0
0.0
0.0
0.0
0.0
0.0
0.0
0.0
0.0
0.0
0.0
0.0
0.0
0.0
0.0
0.0
0.0
0.0
0.0
0.0
0.0
0.0
0.0
0.0
0.0
0.0
0.0
0.0
0.0
0.0
0.0
0.0
0.0
0.0
0.0
0.0
0.0
0.0
0.0
0.0
0.0
0.0
0.0
0.0
0.0
0.0
0.0
0.0
0.0
0.0
0.0
0.0
0.0
0.0
0.0
0.0
0.0
0.0
0.0
0.0
0.0
0.0
0.0
0.0
0.0
0.0
0.0
0.0
0.0
0.0
0.0
0.0
0.0
0.0
0.0
0.0
0.0
0.0
0.0
0.0
0.0
0.0
0.0
0.0
0.0
0.0
0.0
0.0
0.0
0.0
0.0
0.0
0.0
0.0
0.0
0.0
0.0
0.0
0.0
0.0
0.0
0.0
0.0
0.0
0.0
0.0
0.0
0.0
0.0
0.0
0.0
0.0
0.0
0.0
0.0
0.0
0.0
0.0
0.0
0.0
0.0
0.0
0.0
0.0
0.0
0.0
0.0
0.0
0.0
0.0
0.0
0.0
0.0
0.0
0.0
0.0
0.0
0.0
0.0
0.0
0.0
0.0
0.0
0.0
0.0
0.0
0.0
0.0
0.0
0.0
0.0
0.0
0.0
0.0
0.0
0.0
0.0
0.0
0.0
0.0
0.0
0.0
0.0
0.0
0.0
0.0
0.0
0.0
0.0
0.0
0.0
0.0
0.0
0.0
0.0
0.0
0.0
0.0
0.0
0.0
0.0
0.0
0.0
0.0
0.0
0.0
0.0
0.0
0.0
0.0
0.0
0.0
0.0
0.0
0.0
0.0
0.0
0.0
0.0
0.0
0.0
0.0
0.0
0.0
0.0
0.0
0.0
0.0
0.0
0.0
0.0
0.0
0.0
0.0
0.0
0.0
0.0
0.0
0.0
0.0
0.0
0.0
0.0
0.0
0.0
0.0
0.0
0.0
0.0
0.0
0.0
0.0
0.0
0.0
0.0
0.0
0.0
0.0
0.0
0.0
0.0
0.0
0.0
0.0
0.0
0.0
0.0
0.0
0.0
0.0
0.0
0.0
0.0
0.0
0.0
0.0
0.0
0.0
0.0
0.0
0.0
0.0
0.0
0.0
0.0
0.0
0.0
0.0
0.0
0.0
0.0
0.0
0.0
0.0
0.0
0.0
0.0
0.0
0.0
0.0
0.0
0.0
0.0
0.0
0.0
0.0
0.0
0.0
0.0
0.0
0.0
0.0
0.0
0.0
0.0
0.0
0.0
0.0
0.0
0.0
0.0
0.0
0.0
0.0
0.0
0.0
0.0
0.0
0.0
0.0
0.0
0.0
0.0
0.0
0.0
0.0
0.0
0.0
0.0
0.0
0.0
0.0
0.0
0.0
0.0
0.0
0.0
0.0
0.0
0.0
0.0
0.0
0.0
0.0
0.0
0.0
0.0
0.0
0.0
0.0
0.0
0.0
0.0
0.0
0.0
0.0
0.0
0.0
0.0
0.0
0.0
0.0
0.0
0.0
0.0
0.0
0.0
0.0
0.0
0.0
0.0
0.0
0.0
0.0
0.0
0.0
0.0
0.0
0.0
0.0
0.0
0.0
0.0
0.0
0.0
0.0
0.0
0.0
0.0
0.0
0.0
0.0
0.0
0.0
0.0
0.0
0.0
0.0
0.0
0.0
0.0
0.0
0.0
0.0
0.0
0.0
0.0
0.0
0.0
0.0
0.0
0.0
0.0
0.0
0.0
0.0
0.0
0.0
0.0
0.0
0.0
0.0
0.0
0.0
0.0
0.0
0.0
0.0
0.0
0.0
0.0
0.0
0.0
0.0
0.0
0.0
0.0
0.0
0.0
0.0
0.0
0.0
0.0
0.0
0.0
0.0
0.0
0.0
0.0
0.0
0.0
0.0
0.0
0.0
0.0
0.0
0.0
0.0
0.0
0.0
0.0
0.0
0.0
0.0
0.0
0.0
0.0
0.0
0.0
0.0
0.0
0.0
0.0
0.0
0.0
0.0
0.0
0.0
0.0
0.0
0.0
0.0
0.0
0.0
0.0
0.0
0.0
0.0
0.0
0.0
0.0
0.0
0.0
0.0
0.0
0.0
0.0
0.0
0.0
0.0
0.0
0.0
0.0
0.0
0.0
0.0
0.0
0.0
0.0
0.0
0.0
0.0
0.0
0.0
0.0
0.0
0.0
0.0
0.0
0.0
0.0
0.0
0.0
0.0
0.0
0.0
0.0
0.0
0.0
0.0
0.0
0.0
0.0
0.0
0.0
0.0
0.0
0.0
0.0
0.0
0.0
0.0
0.0
0.0
0.0
0.0
0.0
0.0
0.0
0.0
0.0
0.0
0.0
0.0
0.0
0.0
0.0
0.0
0.0
0.0
0.0
0.0
0.0
0.0
0.0
0.0
0.0
0.0
0.0
0.0
0.0
0.0
0.0
0.0
0.0
0.0
0.0
0.0
0.0
0.0
0.0
0.0
0.0
0.0
0.0
0.0
0.0
0.0
0.0
0.0
0.0
0.0
0.0
0.0
0.0
0.0
0.0
0.0
0.0
0.0
0.0
0.0
0.0
0.0
0.0
0.0
0.0
0.0
0.0
0.0
0.0
0.0
0.0
0.0
0.0
0.0
0.0
0.0
0.0
0.0
0.0
0.0
0.0
0.0
0.0
0.0
0.0
0.0
0.0
0.0
0.0
0.0
0.0
0.0
0.0
0.0
0.0
0.0
0.0
0.0
0.0
0.0
0.0
0.0
0.0
0.0
0.0
0.0
0.0
0.0
0.0
0.0
0.0
0.0
0.0
0.0
0.0
0.0
0.0
0.0
0.0
0.0
0.0
0.0
0.0
0.0
0.0
0.0
0.0
0.0
0.0
0.0
0.0
0.0
0.0
0.0
0.0
0.0
0.0
0.0
0.0
0.0
0.0
0.0
0.0
0.0
0.0
0.0
0.0
0.0
0.0
0.0
0.0
0.0
0.0
0.0
0.0
0.0
0.0
0.0
0.0
0.0
0.0
0.0
0.0
0.0
0.0
0.0
0.0
0.0
0.0
0.0
0.0
0.0
0.0
0.0
0.0
0.0
0.0
0.0
0.0
0.0
0.0
0.0
0.0
0.0
0.0
0.0
0.0
0.0
0.0
0.0
0.0
0.0
0.0
0.0
0.0
0.0
0.0
0.0
0.0
0.0
0.0
0.0
0.0
0.0
0.0
0.0
0.0
0.0
0.0
0.0
0.0
0.0
0.0
0.0
0.0
0.0
0.0
0.0
0.0
0.0
0.0
0.0
0.0
0.0
0.0
0.0
0.0
0.0
0.0
0.0
0.0
0.0
0.0
0.0
0.0
0.0
0.0
0.0
0.0
0.0
0.0
0.0
0.0
0.0
0.0
0.0
0.0
0.0
0.0
0.0
0.0
0.0
0.0
0.0
0.0
0.0
0.0
0.0
0.0
0.0
0.0
0.0
0.0
0.0
0.0
0.0
0.0
0.0
0.0
0.0
0.0
0.0
0.0
0.0
0.0
0.0
0.0
0.0
0.0
0.0
0.0
0.0
0.0
0.0
0.0
0.0
0.0
0.0
0.0
0.0
0.0
0.0
0.0
0.0
0.0
0.0
0.0
0.0
0.0
0.0
0.0
0.0
0.0
0.0
0.0
0.0
0.0
0.0
0.0
0.0
0.0
0.0
0.0
0.0
0.0
0.0
0.0
0.0
0.0
0.0
0.0
0.0
0.0
0.0
0.0
0.0
0.0
0.0
0.0
0.0
0.0
0.0
0.0
0.0
0.0
0.0
0.0
0.0
0.0
0.0
0.0
0.0
0.0
0.0
0.0
0.0
0.0
0.0
0.0
0.0
0.0
0.0
0.0
0.0
0.0
0.0
0.0
0.0
0.0
0.0
0.0
0.0
0.0
0.0
0.0
0.0
0.0
0.0
0.0
0.0
0.0
0.0
0.0
0.0
0.0
0.0
0.0
0.0
0.0
0.0
0.0
0.0
0.0
0.0
0.0
0.0
0.0
0.0
0.0
0.0
0.0
0.0
0.0
0.0
0.0
0.0
0.0
0.0
0.0
0.0
0.0
0.0
0.0
0.0
0.0
0.0
0.0
0.0
0.0
0.0
0.0
0.0
0.0
0.0
0.0
0.0
0.0
0.0
0.0
0.0
0.0
0.0
0.0
0.0
0.0
0.0
0.0
0.0
0.0
0.0
0.0
0.0
0.0
0.0
0.0
0.0
0.0
0.0
0.0
0.0
0.0
0.0
0.0
0.0
0.0
0.0
0.0
0.0
0.0
0.0
0.0
0.0
0.0
0.0
0.0
0.0
0.0
0.0
0.0
0.0
0.0
0.0
0.0
0.0
0.0
0.0
0.0
0.0
0.0
0.0
0.0
0.0
0.0
0.0
0.0
0.0
0.0
0.0
0.0
0.0
0.0
0.0
0.0
0.0
0.0
0.0
0.0
0.0
0.0
0.0
0.0
0.0
0.0
0.0
0.0
0.0
0.0
0.0
0.0
0.0
0.0
0.0
0.0
0.0
0.0
0.0
0.0
0.0
0.0
0.0
0.0
0.0
0.0
0.0
0.0
0.0
0.0
0.0
0.0
0.0
0.0
0.0
0.0
0.0
0.0
0.0
0.0
0.0
0.0
0.0
0.0
0.0
0.0
0.0
0.0
0.0
0.0
0.0
0.0
0.0
0.0
0.0
0.0
0.0
0.0
0.0
0.0
0.0
0.0
0.0
0.0
0.0
0.0
0.0
0.0
0.0
0.0
0.0
0.0
0.0
0.0
0.0
0.0
0.0
0.0
0.0
0.0
0.0
0.0
0.0
0.0
0.0
0.0
0.0
0.0
0.0
0.0
0.0
0.0
0.0
0.0
0.0
0.0
0.0
0.0
0.0
0.0
0.0
0.0
0.0
0.0
0.0
0.0
0.0
0.0
0.0
0.0
0.0
0.0
0.0
0.0
0.0
0.0
0.0
0.0
0.0
0.0
0.0
0.0
0.0
0.0
0.0
0.0
0.0
0.0
0.0
0.0
0.0
0.0
0.0
0.0
0.0
0.0
0.0
0.0
0.0
0.0
0.0
0.0
0.0
0.0
0.0
0.0
0.0
0.0
0.0
0.0
0.0
0.0
0.0
0.0
0.0
0.0
0.0
0.0
0.0
0.0
0.0
0.0
0.0
0.0
0.0
0.0
0.0
0.0
0.0
0.0
0.0
0.0
0.0
0.0
0.0
0.0
0.0
0.0
0.0
0.0
0.0
0.0
0.0
0.0
0.0
0.0
0.0
0.0
0.0
0.0
0.0
0.0
0.0
0.0
0.0
0.0
0.0
0.0
0.0
0.0
0.0
0.0
0.0
0.0
0.0
0.0
0.0
0.0
0.0
0.0
0.0
0.0
0.0
0.0
0.0
0.0
0.0
0.0
0.0
0.0
0.0
0.0
0.0
0.0
0.0
0.0
0.0
0.0
0.0
0.0
0.0
0.0
0.0
0.0
0.0
0.0
0.0
0.0
0.0
0.0
0.0
0.0
0.0
0.0
0.0
0.0
0.0
0.0
0.0
0.0
0.0
0.0
0.0
0.0
0.0
0.0
0.0
0.0
0.0
0.0
0.0
0.0
0.0
0.0
0.0
0.0
0.0
0.0
0.0
0.0
0.0
0.0
0.0
0.0
0.0
0.0
0.0
0.0
0.0
0.0
0.0
0.0
0.0
0.0
0.0
0.0
0.0
0.0
0.0
0.0
0.0
0.0
0.0
0.0
0.0
0.0
0.0
0.0
0.0
0.0
0.0
0.0
0.0
0.0
0.0
0.0
0.0
0.0
0.0
0.0
0.0
0.0
0.0
0.0
0.0
0.0
0.0
0.0
0.0
0.0
0.0
0.0
0.0
0.0
0.0
0.0
0.0
0.0
0.0
0.0
0.0
0.0
0.0
0.0
0.0
0.0
0.0
0.0
0.0
0.0
0.0
0.0
0.0
0.0
0.0
0.0
0.0
0.0
0.0
0.0
0.0
0.0
0.0
0.0
0.0
0.0
0.0
0.0
0.0
0.0
0.0
0.0
0.0
0.0
0.0
0.0
0.0
0.0
0.0
0.0
0.0
0.0
0.0
0.0
0.0
0.0
0.0
0.0
0.0
0.0
0.0
0.0
0.0
0.0
0.0
0.0
0.0
0.0
0.0
0.0
0.0
0.0
0.0
0.0
0.0
0.0
0.0
0.0
0.0
0.0
0.0
0.0
0.0
0.0
0.0
0.0
0.0
0.0
0.0
0.0
0.0
0.0
0.0
0.0
0.0
0.0
0.0
0.0
0.0
0.0
0.0
0.0
0.0
0.0
0.0
0.0
0.0
0.0
0.0
0.0
0.0
0.0
0.0
0.0
0.0
0.0
0.0
0.0
0.0
0.0
0.0
0.0
0.0
0.0
0.0
0.0
0.0
0.0
0.0
0.0
0.0
0.0
0.0
0.0
0.0
0.0
0.0
0.0
0.0
0.0
0.0
0.0
0.0
0.0
0.0
0.0
0.0
0.0
0.0
0.0
0.0
0.0
0.0
0.0
0.0
0.0
0.0
0.0
0.0
0.0
0.0
0.0
0.0
0.0
0.0
0.0
0.0
0.0
0.0
0.0
0.0
0.0
0.0
0.0
0.0
0.0
0.0
0.0
0.0
0.0
0.0
0.0
0.0
0.0
0.0
0.0
0.0
0.0
0.0
0.0
0.0
0.0
0.0
0.0
0.0
0.0
0.0
0.0
0.0
0.0
0.0
0.0
0.0
0.0
0.0
0.0
0.0
0.0
0.0
0.0
0.0
0.0
0.0
0.0
0.0
0.0
0.0
0.0
0.0
0.0
0.0
0.0
0.0
0.0
0.0
0.0
0.0
0.0
0.0
0.0
0.0
0.0
0.0
0.0
0.0
0.0
0.0
0.0
0.0
0.0
0.0
0.0
0.0
0.0
0.0
0.0
0.0
0.0
0.0
0.0
0.0
0.0
0.0
0.0
0.0
0.0
0.0
0.0
0.0
0.0
0.0
0.0
0.0
0.0
0.0
0.0
0.0
0.0
0.0
0.0
0.0
0.0
0.0
0.0
0.0
0.0
0.0
0.0
0.0
0.0
0.0
0.0
0.0
0.0
0.0
0.0
0.0
0.0
0.0
0.0
0.0
0.0
0.0
0.0
0.0
0.0
0.0
0.0
0.0
0.0
0.0
0.0
0.0
0.0
0.0
0.0
0.0
0.0
0.0
0.0
0.0
0.0
0.0
0.0
0.0
0.0
0.0
0.0
0.0
0.0
0.0
0.0
0.0
0.0
0.0
0.0
0.0
0.0
0.0
0.0
0.0
0.0
0.0
0.0
0.0
0.0
0.0
0.0
0.0
0.0
0.0
0.0
0.0
0.0
0.0
0.0
0.0
0.0
0.0
0.0
0.0
0.0
0.0
0.0
0.0
0.0
0.0
0.0
0.0
0.0
0.0
0.0
0.0
0.0
0.0
0.0
0.0
0.0
0.0
0.0
0.0
0.0
0.0
0.0
0.0
0.0
0.0
0.0
0.0
0.0
0.0
0.0
0.0
0.0
0.0
0.0
0.0
0.0
0.0
0.0
0.0
0.0
0.0
0.0
0.0
0.0
0.0
0.0
0.0
0.0
0.0
0.0
0.0
0.0
0.0
0.0
0.0
0.0
0.0
0.0
0.0
0.0
0.0
0.0
0.0
0.0
0.0
0.0
0.0
0.0
0.0
0.0
0.0
0.0
0.0
0.0
0.0
0.0
0.0
0.0
0.0
0.0
0.0
0.0
0.0
0.0
0.0
0.0
0.0
0.0
0.0
0.0
0.0
0.0
0.0
0.0
0.0
0.0
0.0
0.0
0.0
0.0
0.0
0.0
0.0
0.0
0.0
0.0
0.0
0.0
0.0
0.0
0.0
0.0
0.0
0.0
0.0
0.0
0.0
0.0
0.0
0.0
0.0
0.0
0.0
0.0
0.0
0.0
0.0
0.0
0.0
0.0
0.0
0.0
0.0
0.0
0.0
0.0
0.0
0.0
0.0
0.0
0.0
0.0
0.0
0.0
0.0
0.0
0.0
0.0
0.0
0.0
0.0
0.0
0.0
0.0
0.0
0.0
0.0
0.0
0.0
0.0
0.0
0.0
0.0
0.0
0.0
0.0
0.0
0.0
0.0
0.0
0.0
0.0
0.0
0.0
0.0
0.0
0.0
0.0
0.0
0.0
0.0
0.0
0.0
0.0
0.0
0.0
0.0
0.0
0.0
0.0
0.0
0.0
0.0
0.0
0.0
0.0
0.0
0.0
0.0
0.0
0.0
0.0
0.0
0.0
0.0
0.0
0.0
0.0
0.0
0.0
0.0
0.0
0.0
0.0
0.0
0.0
0.0
0.0
0.0
0.0
0.0
0.0
0.0
0.0
0.0
0.0
0.0
0.0
0.0
0.0
0.0
0.0
0.0
0.0
0.0
0.0
0.0
0.0
0.0
0.0
0.0
0.0
0.0
0.0
0.0
0.0
0.0
0.0
0.0
0.0
0.0
0.0
0.0
0.0
0.0
0.0
0.0
0.0
0.0
0.0
0.0
0.0
0.0
0.0
0.0
0.0
0.0
0.0
0.0
0.0
0.0
0.0
0.0
0.0
0.0
0.0
0.0
0.0
0.0
0.0
0.0
0.0
0.0
0.0
0.0
0.0
0.0
0.0
0.0
0.0
0.0
0.0
0.0
0.0
0.0
0.0
0.0
0.0
0.0
0.0
0.0
0.0
0.0
0.0
0.0
0.0
0.0
0.0
0.0
0.0
0.0
0.0
0.0
0.0
0.0
0.0
0.0
0.0
0.0
0.0
0.0
0.0
0.0
0.0
0.0
0.0
0.0
0.0
0.0
0.0
0.0
0.0
0.0
0.0
0.0
0.0
0.0
0.0
0.0
0.0
0.0
0.0
0.0
0.0
0.0
0.0
0.0
0.0
0.0
0.0
0.0
0.0
0.0
0.0
0.0
0.0
0.0
0.0
0.0
0.0
0.0
0.0
0.0
0.0
0.0
0.0
0.0
0.0
0.0
0.0
0.0
0.0
0.0
0.0
0.0
0.0
0.0
0.0
0.0
0.0
0.0
0.0
0.0
0.0
0.0
0.0
0.0
0.0
0.0
0.0
0.0
0.0
0.0
0.0
0.0
0.0
0.0
0.0
0.0
0.0
0.0
0.0
0.0
0.0
0.0
0.0
0.0
0.0
0.0
0.0
0.0
0.0
0.0
0.0
0.0
0.0
0.0
0.0
0.0
0.0
0.0
0.0
0.0
0.0
0.0
0.0
0.0
0.0
0.0
0.0
0.0
0.0
0.0
0.0
0.0
0.0
0.0
0.0
0.0
0.0
0.0
0.0
0.0
0.0
0.0
0.0
0.0
0.0
0.0
0.0
0.0
0.0
0.0
0.0
0.0
0.0
0.0
0.0
0.0
0.0
0.0
0.0
0.0
0.0
0.0
0.0
0.0
0.0
0.0
0.0
0.0
0.0
0.0
0.0
0.0
0.0
0.0
0.0
0.0
0.0
0.0
0.0
0.0
0.0
0.0
0.0
0.0
0.0
0.0
0.0
0.0
0.0
0.0
0.0
0.0
0.0
0.0
0.0
0.0
0.0
0.0
0.0
0.0
0.0
0.0
0.0
0.0
0.0
0.0
0.0
0.0
0.0
0.0
0.0
0.0
0.0
0.0
0.0
0.0
0.0
0.0
0.0
0.0
0.0
0.0
0.0
0.0
0.0
0.0
0.0
0.0
0.0
0.0
0.0
0.0
0.0
0.0
0.0
0.0
0.0
0.0
0.0
0.0
0.0
0.0
0.0
0.0
0.0
0.0
0.0
0.0
0.0
0.0
0.0
0.0
0.0
0.0
0.0
0.0
0.0
0.0
0.0
0.0
0.0
0.0
0.0
0.0
0.0
0.0
0.0
0.0
0.0
0.0
0.0
0.0
0.0
0.0
0.0
0.0
0.0
0.0
0.0
0.0
0.0
0.0
0.0
0.0
0.0
0.0
0.0
0.0
0.0
0.0
0.0
0.0
0.0
0.0
0.0
0.0
0.0
0.0
0.0
0.0
0.0
0.0
0.0
0.0
0.0
0.0
0.0
0.0
0.0
0.0
0.0
0.0
0.0
0.0
0.0
0.0
0.0
0.0
0.0
0.0
0.0
0.0
0.0
0.0
0.0
0.0
0.0
0.0
0.0
0.0
0.0
0.0
0.0
0.0
0.0
0.0
0.0
0.0
0.0
0.0
0.0
0.0
0.0
0.0
0.0
0.0
0.0
0.0
0.0
0.0
0.0
0.0
0.0
0.0
0.0
0.0
0.0
0.0
0.0
0.0
0.0
0.0
0.0
0.0
0.0
0.0
0.0
0.0
0.0
0.0
0.0
0.0
0.0
0.0
0.0
0.0
0.0
0.0
0.0
0.0
0.0
0.0
0.0
0.0
0.0
0.0
0.0
0.0
0.0
0.0
0.0
0.0
0.0
0.0
0.0
0.0
0.0
0.0
0.0
0.0
0.0
0.0
0.0
0.0
0.0
0.0
0.0
0.0
0.0
0.0
0.0
0.0
0.0
0.0
0.0
0.0
0.0
0.0
0.0
0.0
0.0
0.0
0.0
0.0
0.0
0.0
0.0
0.0
0.0
0.0
0.0
0.0
0.0
0.0
0.0
0.0
0.0
0.0
0.0
0.0
0.0
0.0
0.0
0.0
0.0
0.0
0.0
0.0
0.0
0.0
0.0
0.0
0.0
0.0
0.0
0.0
0.0
0.0
0.0
0.0
0.0
0.0
0.0
0.0
0.0
0.0
0.0
0.0
0.0
0.0
0.0
0.0
0.0
0.0
0.0
0.0
0.0
0.0
0.0
0.0
0.0
0.0
0.0
0.0
0.0
0.0
0.0
0.0
0.0
0.0
0.0
0.0
0.0
0.0
0.0
0.0
0.0
0.0
0.0
0.0
0.0
0.0
0.0
0.0
0.0
0.0
0.0
0.0
0.0
0.0
0.0
0.0
0.0
0.0
0.0
0.0
0.0
0.0
0.0
0.0
0.0
0.0
0.0
0.0
0.0
0.0
0.0
0.0
0.0
0.0
0.0
0.0
0.0
0.0
0.0
0.0
0.0
0.0
0.0
0.0
0.0
0.0
0.0
0.0
0.0
0.0
0.0
0.0
0.0
0.0
0.0
0.0
0.0
0.0
0.0
0.0
0.0
0.0
0.0
0.0
0.0
0.0
0.0
0.0
0.0
0.0
0.0
0.0
0.0
0.0
0.0
0.0
0.0
0.0
0.0
0.0
0.0
0.0
0.0
0.0
0.0
0.0
0.0
0.0
0.0
0.0
0.0
0.0
0.0
0.0
0.0
0.0
0.0
0.0
0.0
0.0
0.0
0.0
0.0
0.0
0.0
0.0
0.0
0.0
0.0
0.0
0.0
0.0
0.0
0.0
0.0
0.0
0.0
0.0
0.0
0.0
0.0
0.0
0.0
0.0
0.0
0.0
0.0
0.0
0.0
0.0
0.0
0.0
0.0
0.0
0.0
0.0
0.0
0.0
0.0
0.0
0.0
0.0
0.0
0.0
0.0
0.0
0.0
0.0
0.0
0.0
0.0
0.0
0.0
0.0
0.0
0.0
0.0
0.0
0.0
0.0
0.0
0.0
0.0
0.0
0.0
0.0
0.0
0.0
0.0
0.0
0.0
0.0
0.0
0.0
0.0
0.0
0.0
0.0
0.0
0.0
0.0
0.0
0.0
0.0
0.0
0.0
0.0
0.0
0.0
0.0
0.0
0.0
0.0
0.0
0.0
0.0
0.0
0.0
0.0
0.0
0.0
0.0
0.0
0.0
0.0
0.0
0.0
0.0
0.0
0.0
0.0
0.0
0.0
0.0
0.0
0.0
0.0
0.0
0.0
0.0
0.0
0.0
0.0
0.0
0.0
0.0
0.0
0.0
0.0
0.0
0.0
0.0
0.0
0.0
0.0
0.0
0.0
0.0
0.0
0.0
0.0
0.0
0.0
0.0
0.0
0.0
0.0
0.0
0.0
0.0
0.0
0.0
0.0
0.0
0.0
0.0
0.0
0.0
0.0
0.0
0.0
0.0
0.0
0.0
0.0
0.0
0.0
0.0
0.0
0.0
0.0
0.0
0.0
0.0
0.0
0.0
0.0
0.0
0.0
0.0
0.0
0.0
0.0
0.0
0.0
0.0
0.0
0.0
0.0
0.0
0.0
0.0
0.0
0.0
0.0
0.0
0.0
0.0
0.0
0.0
0.0
0.0
0.0
0.0
0.0
0.0
0.0
0.0
0.0
0.0
0.0
0.0
0.0
0.0
0.0
0.0
0.0
0.0
0.0
0.0
0.0
0.0
0.0
0.0
0.0
0.0
0.0
0.0
0.0
0.0
0.0
0.0
0.0
0.0
0.0
0.0
0.0
0.0
0.0
0.0
0.0
0.0
0.0
0.0
0.0
0.0
0.0
0.0
0.0
0.0
0.0
0.0
0.0
0.0
0.0
0.0
0.0
0.0
0.0
0.0
0.0
0.0
0.0
0.0
0.0
0.0
0.0
0.0
0.0
0.0
0.0
0.0
0.0
0.0
0.0
0.0
0.0
0.0
0.0
0.0
0.0
0.0
0.0
0.0
0.0
0.0
0.0
0.0
0.0
0.0
0.0
0.0
0.0
0.0
0.0
0.0
0.0
0.0
0.0
0.0
0.0
0.0
0.0
0.0
0.0
0.0
0.0
0.0
0.0
0.0
0.0
0.0
0.0
0.0
0.0
0.0
0.0
0.0
0.0
0.0
0.0
0.0
0.0
0.0
0.0
0.0
0.0
0.0
0.0
0.0
0.0
0.0
0.0
0.0
0.0
0.0
0.0
0.0
0.0
0.0
0.0
0.0
0.0
0.0
0.0
0.0
0.0
0.0
0.0
0.0
0.0
0.0
0.0
0.0
0.0
0.0
0.0
0.0
0.0
0.0
0.0
0.0
0.0
0.0
0.0
0.0
0.0
0.0
0.0
0.0
0.0
0.0
0.0
0.0
0.0
0.0
0.0
0.0
0.0
0.0
0.0
0.0
0.0
0.0
0.0
0.0
0.0
0.0
0.0
0.0
0.0
0.0
0.0
0.0
0.0
0.0
0.0
0.0
0.0
0.0
0.0
0.0
0.0
0.0
0.0
0.0
0.0
0.0
0.0
0.0
0.0
0.0
0.0
0.0
0.0
0.0
0.0
0.0
0.0
0.0
0.0
0.0
0.0
0.0
0.0
0.0
0.0
0.0
0.0
0.0
0.0
0.0
0.0
0.0
0.0
0.0
0.0
0.0
0.0
0.0
0.0
0.0
0.0
0.0
0.0
0.0
0.0
0.0
0.0
0.0
0.0
0.0
0.0
0.0
0.0
0.0
0.0
0.0
0.0
0.0
0.0
0.0
0.0
0.0
0.0
0.0
0.0
0.0
0.0
0.0
0.0
0.0
0.0
0.0
0.0
0.0
0.0
0.0
0.0
0.0
0.0
0.0
0.0
0.0
0.0
0.0
0.0
0.0
0.0
0.0
0.0
0.0
0.0
0.0
0.0
0.0
0.0
0.0
0.0
0.0
0.0
0.0
0.0
0.0
0.0
0.0
0.0
0.0
0.0
0.0
0.0
0.0
0.0
0.0
0.0
0.0
0.0
0.0
0.0
0.0
0.0
0.0
0.0
0.0
0.0
0.0
0.0
0.0
0.0
0.0
0.0
0.0
0.0
0.0
0.0
0.0
0.0
0.0
0.0
0.0
0.0
0.0
0.0
0.0
0.0
0.0
0.0
0.0
0.0
0.0
0.0
0.0
0.0
0.0
0.0
0.0
0.0
0.0
0.0
0.0
0.0
0.0
0.0
0.0
0.0
0.0
0.0
0.0
0.0
0.0
0.0
0.0
0.0
0.0
0.0
0.0
0.0
0.0
0.0
0.0
0.0
0.0
0.0
0.0
0.0
0.0
0.0
0.0
0.0
0.0
0.0
0.0
0.0
0.0
0.0
0.0
0.0
0.0
0.0
0.0
0.0
0.0
0.0
0.0
0.0
0.0
0.0
0.0
0.0
0.0
0.0
0.0
0.0
0.0
0.0
0.0
0.0
0.0
0.0
0.0
0.0
0.0
0.0
0.0
0.0
0.0
0.0
0.0
0.0
0.0
0.0
0.0
0.0
0.0
0.0
0.0
0.0
0.0
0.0
0.0
0.0
0.0
0.0
0.0
0.0
0.0
0.0
0.0
0.0
0.0
0.0
0.0
0.0
0.0
0.0
0.0
0.0
0.0
0.0
0.0
0.0
0.0
0.0
0.0
0.0
0.0
0.0
0.0
0.0
0.0
0.0
0.0
0.0
0.0
0.0
0.0
0.0
0.0
0.0
0.0
0.0
0.0
0.0
0.0
0.0
0.0
0.0
0.0
0.0
0.0
0.0
0.0
0.0
0.0
0.0
0.0
0.0
0.0
0.0
0.0
0.0
0.0
0.0
0.0
0.0
0.0
0.0
0.0
0.0
0.0
0.0
0.0
0.0
0.0
0.0
0.0
0.0
0.0
0.0
0.0
0.0
0.0
0.0
0.0
0.0
0.0
0.0
0.0
0.0
0.0
0.0
0.0
0.0
0.0
0.0
0.0
0.0
0.0
0.0
0.0
0.0
0.0
0.0
0.0
0.0
0.0
0.0
0.0
0.0
0.0
0.0
0.0
0.0
0.0
0.0
0.0
0.0
0.0
0.0
0.0
0.0
0.0
0.0
0.0
0.0
0.0
0.0
0.0
0.0
0.0
0.0
0.0
0.0
0.0
0.0
0.0
0.0
0.0
0.0
0.0
0.0
0.0
0.0
0.0
0.0
0.0
0.0
0.0
0.0
0.0
0.0
0.0
0.0
0.0
0.0
0.0
0.0
0.0
0.0
0.0
0.0
0.0
0.0
0.0
0.0
0.0
0.0
0.0
0.0
0.0
0.0
0.0
0.0
0.0
0.0
0.0
0.0
0.0
0.0
0.0
0.0
0.0
0.0
0.0
0.0
0.0
0.0
0.0
0.0
0.0
0.0
0.0
0.0
0.0
0.0
0.0
0.0
0.0
0.0
0.0
0.0
0.0
0.0
0.0
0.0
0.0
0.0
0.0
0.0
0.0
0.0
0.0
0.0
0.0
0.0
0.0
0.0
0.0
0.0
0.0
0.0
0.0
0.0
0.0
0.0
0.0
0.0
0.0
0.0
0.0
0.0
0.0
0.0
0.0
0.0
0.0
0.0
0.0
0.0
0.0
0.0
0.0
0.0
0.0
0.0
0.0
0.0
0.0
0.0
0.0
0.0
0.0
0.0
0.0
0.0
0.0
0.0
0.0
0.0
0.0
0.0
0.0
0.0
0.0
0.0
0.0
0.0
0.0
0.0
0.0
0.0
0.0
0.0
0.0
0.0
0.0
0.0
0.0
0.0
0.0
0.0
0.0
0.0
0.0
0.0
0.0
0.0
0.0
0.0
0.0
0.0
0.0
0.0
0.0
0.0
0.086
0.172
0.172
0.172
0.172
0.172
0.172
0.172
0.172
0.172
0.172
0.172
0.172
0.172
0.172
0.172
0.172
0.172
0.172
0.172
0.172
0.172
0.172
0.172
0.25799999999999995
0.25799999999999995
0.25799999999999995
0.25799999999999995
0.25799999999999995
0.25799999999999995
0.25799999999999995
0.25799999999999995
0.25799999999999995
0.25799999999999995
0.25799999999999995
0.25799999999999995
0.25799999999999995
0.25799999999999995
0.25799999999999995
0.25799999999999995
0.25799999999999995
0.25799999999999995
0.25799999999999995
0.25799999999999995
0.25799999999999995
0.25799999999999995
0.25799999999999995
0.25799999999999995
0.25799999999999995
0.25799999999999995
0.172
0.172
0.25799999999999995
0.344
0.43
0.516
0.602
0.688
0.7739999999999999
0.8599999999999999
0.9459999999999998
1.0319999999999998
1.0319999999999998
1.0319999999999998
1.0319999999999998
1.0319999999999998
1.0319999999999998
1.0319999999999998
1.0319999999999998
1.1179999999999997
1.2039999999999997
1.2899999999999998
1.3759999999999997
1.4619999999999995
1.4619999999999995
1.5479999999999996
1.5479999999999996
1.6339999999999995
1.6339999999999995
1.7199999999999995
1.8059999999999994
1.8919999999999992
1.8919999999999992
1.8919999999999992
1.9779999999999993
1.9779999999999993
1.9779999999999993
1.9779999999999993
1.9779999999999993
1.9779999999999993
1.9779999999999993
1.9779999999999993
1.9779999999999993
1.9779999999999993
1.9779999999999993
1.9779999999999993
1.9779999999999993
1.9779999999999993
1.9779999999999993
1.9779999999999993
1.9779999999999993
1.8919999999999992
1.8059999999999994
1.7199999999999995
1.6339999999999995
1.5479999999999996
1.4619999999999995
1.3759999999999997
1.2899999999999998
1.2039999999999997
1.1179999999999997
1.0319999999999998
1.0319999999999998
1.0319999999999998
1.0319999999999998
1.0319999999999998
1.0319999999999998
1.0319999999999998
1.0319999999999998
0.9459999999999998
0.8599999999999999
0.7739999999999999
0.688
0.602
0.516
0.43
0.43
0.344
0.344
0.25799999999999995
0.172
0.086
0.086
0.086
0.0
0.0
0.0
0.0
0.0
0.0
0.0
0.0
0.0
0.0
0.0
0.0
0.0
0.0
0.0
0.0
0.0
0.0
0.0
0.0
0.0
0.0
0.0
0.0
0.0
0.0
0.0
0.0
0.0
0.0
0.0
0.0
0.0
0.0
0.0
0.0
0.0
0.0
0.0
0.0
0.0
0.0
0.0
0.0
0.0
0.0
0.0
0.0
0.0
0.0
0.0
0.0
0.0
0.0
0.0
0.0
0.0
0.0
0.0
0.0
0.0
0.0
0.0
0.0
0.0
0.0
0.0
0.0
0.0
0.0
0.0
0.0
0.0
0.0
0.0
0.0
0.0
0.0
0.0
0.0
0.0
0.0
0.0
0.0
0.0
0.0
0.0
0.0
0.0
0.0
0.0
0.0
0.0
0.0
0.0
0.0
0.0
0.0
0.0
0.0
0.0
0.0
0.0
0.0
0.0
0.0
0.0
0.0
0.0
0.0
0.0
0.0
0.0
0.0
0.0
0.0
0.0
0.0
0.0
0.0
0.0
0.0
0.0
0.0
0.0
0.0
0.0
0.0
0.0
0.0
0.0
0.0
0.0
0.0
0.0
0.0
0.0
0.0
0.0
0.0
0.0
0.0
0.0
0.0
0.0
0.0
0.0
0.0
0.0
0.0
0.0
0.0
0.0
0.0
0.0
0.0
0.0
0.0
0.0
0.0
0.0
0.0
0.0
0.0
0.0
0.0
0.0
0.0
0.0
0.0
0.0
0.0
0.0
0.0
0.0
0.0
0.0
0.0
0.0
0.0
0.0
0.0
0.0
0.0
0.0
0.0
0.0
0.0
0.0
0.0
0.0
0.0
0.0
0.0
0.0
0.0
0.0
0.0
0.0
0.0
0.0
0.0
0.0
0.0
0.0
0.0
0.0
0.0
0.0
0.0
0.0
0.0
0.0
0.0
0.0
0.0
0.0
0.0
0.0
0.0
0.0
0.0
0.0
0.0
0.0
0.0
0.0
0.0
0.0
0.0
0.0
0.0
0.0
0.0
0.0
0.0
0.0
0.0
0.0
0.0
0.0
0.0
0.0
0.0
0.0
0.0
0.0
0.0
0.0
0.0
0.0
0.0
0.0
0.0
0.0
0.0
0.0
0.0
0.0
0.0
0.0
0.0
0.0
0.0
0.0
0.0
0.0
0.0
0.0
0.0
0.0
0.0
0.0
0.0
0.0
0.0
0.0
0.0
0.0
0.0
0.0
0.0
0.0
0.0
0.0
0.0
0.0
0.0
0.0
0.0
0.0
0.0
0.0
0.0
0.0
0.0
0.0
0.0
0.0
0.0
0.0
0.0
0.0
0.0
0.0
0.0
0.0
0.0
0.0
0.0
0.0
0.0
0.0
0.0
0.0
0.0
0.0
0.0
0.0
0.0
0.0
0.0
0.0
0.0
0.0
0.0
0.0
0.0
0.0
0.0
0.0
0.0
0.0
0.0
0.0
0.0
0.0
0.0
0.0
0.0
0.0
0.0
0.0
0.0
0.0
0.0
0.0
0.0
0.0
0.0
0.0
0.0
0.0
0.0
0.0
0.0
0.0
0.0
0.0
0.0
0.0
0.0
0.0
0.0
0.0
0.0
0.0
0.0
0.0
0.0
0.0
0.0
0.0
0.0
0.0
0.0
0.0
0.0
0.0
0.0
0.0
0.0
0.0
0.0
0.0
0.0
0.0
0.0
0.0
0.0
0.0
0.0
0.0
0.0
0.0
0.0
0.0
0.0
0.0
0.0
0.0
0.0
0.0
0.0
0.0
0.0
0.0
0.0
0.0
0.0
0.0
0.0
0.0
0.0
0.0
0.0
0.0
0.0
0.0
0.0
0.0
0.0
0.0
0.0
0.0
0.0
0.0
0.0
0.0
0.0
0.0
0.0
0.0
0.0
0.0
0.0
0.0
0.0
0.0
0.0
0.0
0.0
0.0
0.0
0.0
0.0
0.0
0.0
0.0
0.0
0.0
0.0
0.0
0.0
0.0
0.0
0.0
0.0
0.0
0.0
0.0
0.0
0.0
0.0
0.0
0.0
0.0
0.0
0.0
0.0
0.0
0.0
0.0
0.0
0.0
0.0
0.0
0.0
0.0
0.0
0.0
0.0
0.0
0.0
0.0
0.0
0.0
0.0
0.0
0.0
0.0
0.0
0.0
0.0
0.0
0.0
0.0
0.0
0.0
0.0
0.0
0.0
0.0
0.0
0.0
0.0
0.0
0.0
0.0
0.0
0.0
0.0
0.0
0.0
0.0
0.0
0.0
0.0
0.0
0.0
0.0
0.0
0.0
0.0
0.0
0.0
0.0
0.0
0.0
0.0
0.0
0.0
0.0
0.0
0.0
0.0
0.0
0.0
0.0
0.0
0.0
0.0
0.0
0.0
0.0
0.0
0.0
0.0
0.0
0.0
0.0
0.0
0.0
0.0
0.0
0.0
0.0
0.0
0.0
0.0
0.0
0.0
0.0
0.0
0.0
0.0
0.0
0.0
0.0
0.0
0.0
0.0
0.0
0.0
0.0
0.0
0.0
0.0
0.0
0.0
0.0
0.0
0.0
0.0
0.0
0.0
0.0
0.0
0.0
0.0
0.0
0.0
0.0
0.086
0.172
0.25799999999999995
0.344
0.43
0.516
0.602
0.688
0.7739999999999999
0.8599999999999999
0.9459999999999998
0.9459999999999998
0.9459999999999998
0.9459999999999998
0.9459999999999998
0.9459999999999998
0.9459999999999998
0.9459999999999998
0.9459999999999998
0.9459999999999998
0.9459999999999998
0.9459999999999998
0.9459999999999998
0.9459999999999998
0.9459999999999998
0.9459999999999998
0.9459999999999998
0.9459999999999998
0.9459999999999998
0.9459999999999998
0.9459999999999998
0.9459999999999998
0.9459999999999998
0.9459999999999998
0.9459999999999998
0.9459999999999998
0.9459999999999998
0.9459999999999998
0.9459999999999998
0.9459999999999998
0.9459999999999998
0.9459999999999998
0.9459999999999998
0.9459999999999998
0.9459999999999998
0.9459999999999998
0.9459999999999998
0.9459999999999998
0.9459999999999998
0.9459999999999998
0.8599999999999999
0.7739999999999999
0.688
0.602
0.516
0.43
0.344
0.25799999999999995
0.172
0.086
0.0
0.0
0.0
0.0
0.0
0.0
0.0
0.0
0.0
0.0
0.0
0.0
0.0
0.0
0.0
0.0
0.0
0.0
0.0
0.0
0.0
0.0
0.0
0.0
0.0
0.0
0.0
0.0
0.0
0.0
0.0
0.0
0.0
0.0
0.0
0.0
0.0
0.0
0.0
0.0
0.0
0.0
0.0
0.0
0.0
0.0
0.0
0.0
0.0
0.0
0.0
0.0
0.0
0.0
0.0
0.0
0.0
0.0
0.0
0.0
0.0
0.0
0.0
0.0
0.0
0.0
0.0
0.0
0.0
0.0
0.0
0.0
0.0
0.0
0.0
0.0
0.0
0.0
0.0
0.0
0.0
0.0
0.0
0.0
0.0
0.0
0.0
0.0
0.0
0.0
0.0
0.0
0.0
0.0
0.0
0.0
0.0
0.0
0.0
0.0
0.0
0.0
0.0
0.0
0.0
0.0
0.0
0.0
0.0
0.0
0.0
0.0
0.0
0.0
0.0
0.0
0.0
0.0
0.0
0.0
0.0
0.0
0.0
0.0
0.0
0.0
0.0
0.0
0.0
0.0
0.0
0.0
0.0
0.0
0.0
0.0
0.0
0.0
0.0
0.0
0.0
0.0
0.0
0.0
0.0
0.0
0.0
0.0
0.0
0.0
0.0
0.0
0.0
0.0
0.0
0.0
0.0
0.0
0.0
0.0
0.0
0.0
0.0
0.0
0.0
0.0
0.0
0.0
0.0
0.0
0.0
0.0
0.0
0.0
0.0
0.0
0.0
0.0
0.0
0.0
0.0
0.0
0.0
0.0
0.0
0.0
0.0
0.0
0.0
0.0
0.0
0.0
0.0
0.0
0.0
0.0
0.0
0.0
0.0
0.0
0.0
0.0
0.0
0.0
0.0
0.0
0.0
0.0
0.0
0.0
0.0
0.0
0.0
0.0
0.0
0.0
0.0
0.0
0.0
0.0
0.0
0.0
0.0
0.0
0.0
0.0
0.0
0.0
0.0
0.0
0.0
0.0
0.0
0.0
0.0
0.0
0.0
0.0
0.0
0.0
0.0
0.0
0.0
0.0
0.0
0.0
0.0
0.0
0.0
0.0
0.0
0.0
0.0
0.0
0.0
0.0
0.0
0.0
0.0
0.0
0.0
0.0
0.0
0.0
0.0
0.0
0.0
0.0
0.0
0.0
0.0
0.0
0.0
0.0
0.0
0.0
0.0
0.0
0.0
0.0
0.0
0.0
0.0
0.0
0.0
0.0
0.0
0.0
0.0
0.0
0.0
0.0
0.0
0.0
0.0
0.0
0.0
0.0
0.0
0.0
0.0
0.0
0.0
0.0
0.0
0.0
0.0
0.0
0.0
0.0
0.0
0.0
0.0
0.0
0.0
0.0
0.0
0.0
0.0
0.0
0.0
0.0
0.0
0.0
0.0
0.0
0.0
0.0
0.0
0.0
0.0
0.0
0.0
0.0
0.0
0.0
0.0
0.0
0.0
0.0
0.0
0.0
0.0
0.0
0.0
0.0
0.0
0.0
0.0
0.0
0.0
0.0
0.0
0.0
0.0
0.0
0.0
0.0
0.0
0.0
0.0
0.0
0.0
0.0
0.0
0.0
0.0
0.0
0.0
0.0
0.0
0.0
0.0
0.0
0.0
0.0
0.0
0.0
0.0
0.0
0.0
0.0
0.0
0.0
0.0
0.0
0.0
0.0
0.0
0.0
0.0
0.0
0.0
0.0
0.0
0.0
0.0
0.0
0.0
0.0
0.0
0.0
0.0
0.0
0.0
0.0
0.0
0.0
0.0
0.0
0.0
0.0
0.0
0.0
0.0
0.0
0.0
0.0
0.0
0.0
0.0
0.0
0.0
0.0
0.0
0.0
0.0
0.0
0.0
0.0
0.0
0.0
0.0
0.0
0.0
0.0
0.0
0.0
0.0
0.0
0.0
0.0
0.0
0.0
0.0
0.0
0.0
0.0
0.0
0.0
0.0
0.0
0.0
0.0
0.0
0.0
0.0
0.0
0.0
0.0
0.0
0.0
0.0
0.0
0.0
0.0
0.0
0.0
0.0
0.0
0.0
0.0
0.0
0.0
0.0
0.0
0.0
0.0
0.0
0.0
0.0
0.0
0.0
0.0
0.0
0.0
0.0
0.0
0.0
0.0
0.0
0.0
0.0
0.0
0.0
0.0
0.0
0.0
0.0
0.0
0.0
0.0
0.0
0.0
0.0
0.0
0.0
0.0
0.0
0.0
0.0
0.0
0.0
0.0
0.0
0.0
0.0
0.0
0.0
0.0
0.0
0.0
0.0
0.0
0.0
0.0
0.0
0.0
0.0
0.0
0.0
0.0
0.0
0.0
0.0
0.0
0.0
0.0
0.0
0.0
0.0
0.0
0.0
0.0
0.0
0.0
0.0
0.0
0.0
0.0
0.0
0.0
0.0
0.0
0.0
0.0
0.0
0.0
0.0
0.0
0.0
0.0
0.0
0.0
0.0
0.0
0.0
0.0
0.0
0.0
0.0
0.0
0.0
0.0
0.0
0.0
0.0
0.0
0.0
0.0
0.0
0.0
0.0
0.0
0.0
0.0
0.0
0.0
0.0
0.0
0.0
0.0
0.0
0.0
0.0
0.0
0.0
0.0
0.0
0.0
0.0
0.0
0.0
0.0
0.0
0.0
0.0
0.0
0.0
0.0
0.0
0.0
0.0
0.0
0.0
0.0
0.0
0.0
0.0
0.0
0.0
0.0
0.0
0.0
0.0
0.0
0.0
0.0
0.0
0.0
0.0
0.0
0.0
0.0
0.0
0.0
0.0
0.0
0.0
0.0
0.0
0.0
0.0
0.0
0.0
0.0
0.0
0.0
0.0
0.0
0.0
0.0
0.0
0.0
0.0
0.0
0.0
0.0
0.0
0.0
0.0
0.0
0.0
0.0
0.0
0.0
0.0
0.0
0.0
0.0
0.0
0.0
0.0
0.0
0.0
0.0
0.0
0.0
0.0
0.0
0.0
0.0
0.0
0.0
0.0
0.0
0.0
0.0
0.0
0.0
0.0
0.0
0.0
0.0
0.0
0.0
0.0
0.0
0.0
0.0
0.0
0.0
0.0
0.0
0.0
0.0
0.0
0.0
0.0
0.0
0.0
0.0
0.0
0.0
0.0
0.0
0.0
0.0
0.0
0.0
0.0
0.0
0.0
0.0
0.0
0.0
0.0
0.0
0.0
0.0
0.0
0.0
0.0
0.0
0.0
0.0
0.0
0.0
0.0
0.0
0.0
0.0
0.0
0.0
0.0
0.0
0.0
0.0
0.0
0.0
0.0
0.0
0.0
0.0
0.0
0.0
0.0
0.0
0.0
0.0
0.0
0.0
0.0
0.0
0.0
0.0
0.0
0.0
0.0
0.0
0.0
0.0
0.0
0.0
0.0
0.0
0.0
0.0
0.0
0.0
0.0
0.0
0.0
0.0
0.0
0.0
0.0
0.0
0.0
0.0
0.0
0.0
0.0
0.0
0.0
0.0
0.0
0.0
0.0
0.0
0.0
0.0
0.0
0.0
0.0
0.0
0.0
0.0
0.0
0.0
0.0
0.0
0.0
0.0
0.0
0.0
0.0
0.0
0.0
0.0
0.0
0.0
0.0
0.0
0.0
0.0
0.0
0.0
0.0
0.0
0.0
0.0
0.0
0.0
0.0
0.0
0.0
0.0
0.0
0.0
0.0
0.0
0.0
0.0
0.0
0.0
0.0
0.0
0.0
0.0
0.0
0.0
0.0
0.0
0.0
0.0
0.0
0.0
0.0
0.0
0.0
0.0
0.0
0.0
0.0
0.0
0.0
0.0
0.0
0.0
0.0
0.0
0.0
0.0
0.0
0.0
0.0
0.0
0.0
0.0
0.0
0.0
0.0
0.0
0.0
0.0
0.0
0.0
0.0
0.0
0.0
0.0
0.0
0.0
0.0
0.0
0.0
0.0
0.0
0.0
0.0
0.0
0.0
0.0
0.0
0.0
0.0
0.0
0.0
0.0
0.0
0.0
0.0
0.0
0.0
0.0
0.0
0.0
0.0
0.0
0.0
0.0
0.0
0.0
0.0
0.0
0.0
0.0
0.0
0.0
0.0
0.0
0.0
0.0
0.0
0.0
0.0
0.0
0.0
0.0
0.0
0.0
0.0
0.0
0.0
0.0
0.0
0.0
0.0
0.0
0.0
0.0
0.0
0.0
0.0
0.0
0.0
0.0
0.0
0.0
0.0
0.0
0.0
0.0
0.0
0.0
0.0
0.0
0.0
0.0
0.0
0.0
0.0
0.0
0.0
0.0
0.0
0.0
0.0
0.0
0.0
0.0
0.0
0.0
0.0
0.0
0.0
0.0
0.0
0.0
0.0
0.0
0.0
0.0
0.0
0.0
0.0
0.0
0.0
0.0
0.0
0.0
0.0
0.0
0.0
0.0
0.0
0.0
0.0
0.0
0.0
0.0
0.0
0.0
0.0
0.0
0.0
0.0
0.0
0.086
0.172
0.25799999999999995
0.25799999999999995
0.25799999999999995
0.25799999999999995
0.25799999999999995
0.25799999999999995
0.344
0.344
0.43
0.516
0.602
0.688
0.688
0.688
0.688
0.688
0.688
0.688
0.7739999999999999
0.8599999999999999
0.8599999999999999
0.8599999999999999
0.8599999999999999
0.9459999999999998
0.9459999999999998
0.9459999999999998
0.9459999999999998
0.9459999999999998
1.0319999999999998
1.1179999999999997
1.1179999999999997
1.2039999999999997
1.2899999999999998
1.3759999999999997
1.4619999999999995
1.4619999999999995
1.4619999999999995
1.4619999999999995
1.4619999999999995
1.4619999999999995
1.4619999999999995
1.4619999999999995
1.4619999999999995
1.4619999999999995
1.4619999999999995
1.4619999999999995
1.4619999999999995
1.4619999999999995
1.3759999999999997
1.2899999999999998
1.2039999999999997
1.2039999999999997
1.2039999999999997
1.2039999999999997
1.2039999999999997
1.2039999999999997
1.1179999999999997
1.1179999999999997
1.0319999999999998
1.0319999999999998
0.9459999999999998
0.8599999999999999
0.8599999999999999
0.8599999999999999
0.8599999999999999
0.8599999999999999
0.8599999999999999
0.8599999999999999
0.7739999999999999
0.688
0.688
0.688
0.688
0.602
0.602
0.602
0.602
0.602
0.516
0.43
0.43
0.344
0.25799999999999995
0.172
0.086
0.086
0.086
0.086
0.086
0.086
0.086
0.086
0.086
0.086
0.086
0.086
0.086
0.086
0.086
0.086
0.086
0.086
0.086
0.086
0.086
0.086
0.086
0.086
0.086
0.0
0.0
0.0
0.0
0.0
0.0
0.0
0.0
0.0
0.0
0.0
0.0
0.0
0.0
0.0
0.0
0.0
0.0
0.0
0.0
0.0
0.0
0.0
0.0
0.0
0.0
0.0
0.0
0.0
0.0
0.0
0.0
0.0
0.0
0.0
0.0
0.0
0.0
0.0
0.0
0.0
0.0
0.0
0.0
0.0
0.0
0.0
0.0
0.0
0.0
0.0
0.0
0.0
0.0
0.0
0.0
0.0
0.0
0.0
0.0
0.0
0.0
0.0
0.0
0.0
0.0
0.0
0.0
0.0
0.0
0.0
0.0
0.0
0.0
0.0
0.0
0.0
0.0
0.0
0.0
0.0
0.0
0.0
0.0
0.0
0.0
0.0
0.0
0.0
0.0
0.0
0.0
0.0
0.0
0.0
0.0
0.0
0.0
0.0
0.0
0.0
0.0
0.0
0.0
0.0
0.0
0.0
0.0
0.0
0.0
0.0
0.0
0.0
0.0
0.0
0.0
0.0
0.0
0.0
0.0
0.0
0.0
0.0
0.0
0.0
0.0
0.0
0.0
0.0
0.0
0.0
0.0
0.0
0.0
0.0
0.0
0.0
0.0
0.0
0.0
0.0
0.0
0.0
0.0
0.0
0.0
0.0
0.0
0.0
0.0
0.0
0.0
0.0
0.0
0.0
0.0
0.0
0.0
0.0
0.0
0.0
0.0
0.0
0.0
0.0
0.0
0.0
0.0
0.0
0.0
0.0
0.0
0.0
0.0
0.0
0.0
0.0
0.0
0.0
0.0
0.0
0.0
0.0
0.0
0.0
0.0
0.0
0.0
0.0
0.0
0.0
0.0
0.0
0.0
0.0
0.0
0.0
0.0
0.0
0.0
0.0
0.0
0.0
0.0
0.0
0.0
0.0
0.0
0.0
0.0
0.0
0.0
0.0
0.0
0.0
0.0
0.0
0.0
0.0
0.0
0.0
0.0
0.0
0.0
0.0
0.0
0.0
0.0
0.0
0.0
0.0
0.0
0.0
0.0
0.0
0.0
0.0
0.0
0.0
0.0
0.0
0.0
0.0
0.0
0.0
0.0
0.0
0.0
0.0
0.0
0.0
0.0
0.0
0.0
0.0
0.0
0.0
0.0
0.0
0.0
0.0
0.0
0.0
0.0
0.0
0.0
0.0
0.0
0.0
0.0
0.0
0.0
0.0
0.0
0.0
0.0
0.0
0.0
0.0
0.0
0.0
0.0
0.0
0.0
0.0
0.0
0.0
0.0
0.0
0.0
0.0
0.0
0.0
0.0
0.0
0.0
0.0
0.0
0.0
0.0
0.0
0.0
0.0
0.0
0.0
0.0
0.0
0.0
0.0
0.0
0.0
0.0
0.0
0.0
0.0
0.0
0.0
0.0
0.0
0.0
0.0
0.0
0.0
0.0
0.0
0.0
0.0
0.0
0.0
0.0
0.0
0.0
0.0
0.0
0.0
0.0
0.0
0.0
0.0
0.0
0.0
0.0
0.0
0.0
0.0
0.0
0.0
0.0
0.0
0.0
0.0
0.0
0.0
0.0
0.0
0.0
0.0
0.0
0.0
0.0
0.0
0.0
0.0
0.0
0.0
0.0
0.0
0.0
0.0
0.0
0.0
0.0
0.0
0.0
0.0
0.0
0.0
0.0
0.0
0.0
0.0
0.0
0.0
0.0
0.0
0.0
0.0
0.0
0.0
0.0
0.0
0.0
0.0
0.0
0.0
0.0
0.0
0.0
0.0
0.0
0.0
0.0
0.0
0.0
0.0
0.0
0.0
0.0
0.0
0.0
0.0
0.0
0.0
0.0
0.0
0.0
0.0
0.0
0.0
0.0
0.0
0.0
0.0
0.0
0.0
0.0
0.0
0.0
0.0
0.0
0.0
0.0
0.0
0.0
0.0
0.0
0.0
0.0
0.0
0.0
0.0
0.0
0.0
0.0
0.0
0.0
0.0
0.0
0.0
0.0
0.0
0.0
0.0
0.0
0.0
0.0
0.0
0.0
0.0
0.0
0.0
0.0
0.0
0.0
0.0
0.0
0.0
0.0
0.0
0.0
0.0
0.0
0.0
0.0
0.0
0.0
0.0
0.0
0.0
0.0
0.0
0.0
0.0
0.0
0.0
0.0
0.0
0.0
0.0
0.0
0.0
0.0
0.0
0.0
0.0
0.0
0.0
0.0
0.0
0.0
0.0
0.0
0.0
0.0
0.0
0.0
0.0
0.0
0.0
0.0
0.0
0.0
0.0
0.0
0.0
0.0
0.0
0.0
0.0
0.0
0.0
0.0
0.0
0.0
0.0
0.0
0.0
0.0
0.0
0.0
0.0
0.0
0.0
0.0
0.0
0.0
0.0
0.0
0.0
0.0
0.0
0.0
0.0
0.0
0.0
0.0
0.0
0.0
0.0
0.0
0.0
0.0
0.0
0.0
0.0
0.0
0.0
0.0
0.0
0.0
0.0
0.0
0.0
0.0
0.0
0.0
0.0
0.0
0.0
0.0
0.0
0.0
0.0
0.0
0.0
0.0
0.0
0.0
0.0
0.0
0.0
0.0
0.0
0.0
0.0
0.0
0.0
0.0
0.0
0.0
0.0
0.0
0.0
0.0
0.0
0.0
0.0
0.0
0.0
0.0
0.0
0.0
0.0
0.0
0.0
0.0
0.0
0.0
0.0
0.0
0.0
0.0
0.0
0.0
0.0
0.0
0.0
0.0
0.0
0.0
0.0
0.0
0.0
0.0
0.0
0.0
0.0
0.0
0.0
0.0
0.0
0.0
0.0
0.0
0.0
0.0
0.0
0.0
0.0
0.0
0.0
0.0
0.0
0.0
0.0
0.0
0.0
0.0
0.0
0.0
0.0
0.0
0.0
0.0
0.0
0.0
0.0
0.0
0.0
0.0
0.0
0.0
0.0
0.0
0.0
0.0
0.0
0.0
0.0
0.0
0.0
0.0
0.0
0.0
0.0
0.0
0.0
0.0
0.0
0.0
0.0
0.0
0.0
0.0
0.0
0.0
0.0
0.0
0.0
0.0
0.0
0.0
0.0
0.0
0.0
0.0
0.0
0.0
0.0
0.0
0.0
0.0
0.0
0.0
0.0
0.0
0.0
0.0
0.0
0.0
0.0
0.0
0.0
0.0
0.0
0.0
0.0
0.0
0.0
0.0
0.0
0.0
0.0
0.0
0.0
0.0
0.0
0.0
0.0
0.0
0.0
0.0
0.0
0.0
0.0
0.0
0.0
0.0
0.0
0.0
0.0
0.0
0.0
0.0
0.0
0.0
0.0
0.0
0.0
0.0
0.0
0.0
0.0
0.0
0.0
0.0
0.0
0.0
0.0
0.0
0.0
0.0
0.0
0.0
0.0
0.0
0.0
0.0
0.0
0.0
0.0
0.0
0.0
0.0
0.0
0.0
0.0
0.0
0.0
0.0
0.0
0.0
0.0
0.0
0.0
0.0
0.0
0.0
0.0
0.0
0.0
0.0
0.0
0.0
0.0
0.0
0.0
0.0
0.0
0.0
0.0
0.0
0.0
0.0
0.0
0.0
0.0
0.0
0.0
0.0
0.0
0.0
0.0
0.0
0.0
0.0
0.0
0.0
0.0
0.0
0.0
0.0
0.0
0.0
0.0
0.0
0.0
0.0
0.0
0.0
0.0
0.0
0.0
0.0
0.0
0.0
0.0
0.0
0.0
0.0
0.0
0.0
0.0
0.0
0.0
0.0
0.0
0.0
0.0
0.0
0.0
0.0
0.0
0.0
0.0
0.0
0.0
0.0
0.0
0.086
0.086
0.172
0.25799999999999995
0.344
0.344
0.344
0.43
0.43
0.43
0.43
0.43
0.43
0.516
0.602
0.602
0.602
0.602
0.602
0.602
0.602
0.602
0.602
0.602
0.602
0.602
0.602
0.602
0.602
0.602
0.688
0.7739999999999999
0.7739999999999999
0.7739999999999999
0.7739999999999999
0.7739999999999999
0.7739999999999999
0.7739999999999999
0.7739999999999999
0.7739999999999999
0.7739999999999999
0.7739999999999999
0.7739999999999999
0.7739999999999999
0.7739999999999999
0.7739999999999999
0.7739999999999999
0.7739999999999999
0.7739999999999999
0.7739999999999999
0.688
0.688
0.602
0.516
0.43
0.43
0.43
0.344
0.344
0.344
0.344
0.344
0.344
0.25799999999999995
0.172
0.172
0.172
0.172
0.172
0.172
0.172
0.172
0.172
0.172
0.172
0.172
0.172
0.172
0.172
0.172
0.086
0.0
0.0
0.0
0.0
0.0
0.0
0.0
0.0
0.0
0.0
0.0
0.0
0.0
0.0
0.0
0.0
0.0
0.0
0.0
0.0
0.0
0.0
0.0
0.0
0.0
0.0
0.0
0.0
0.0
0.0
0.0
0.0
0.0
0.0
0.0
0.0
0.0
0.0
0.0
0.0
0.0
0.0
0.0
0.0
0.0
0.0
0.0
0.086
0.172
0.25799999999999995
0.344
0.344
0.344
0.43
0.43
0.43
0.516
0.602
0.602
0.602
0.688
0.7739999999999999
0.8599999999999999
0.9459999999999998
1.0319999999999998
1.1179999999999997
1.2039999999999997
1.2899999999999998
1.4619999999999995
1.6339999999999995
1.8059999999999994
1.8919999999999992
1.9779999999999993
2.063999999999999
2.149999999999999
2.235999999999999
2.321999999999999
2.493999999999999
2.665999999999999
2.837999999999999
3.009999999999999
3.1819999999999986
3.3539999999999988
3.5259999999999985
3.6979999999999986
3.8699999999999983
4.041999999999998
4.213999999999998
4.385999999999998
4.557999999999998
4.729999999999998
4.987999999999998
5.245999999999998
5.417999999999998
5.675999999999998
5.9339999999999975
6.191999999999997
6.277999999999997
6.363999999999997
6.4499999999999975
6.535999999999999
6.793999999999999
7.051999999999998
7.2239999999999975
7.395999999999998
7.653999999999997
7.825999999999997
7.911999999999998
8.169999999999998
8.427999999999997
8.599999999999996
8.685999999999998
8.771999999999998
8.857999999999999
8.943999999999999
9.116
9.287999999999998
9.373999999999999
9.459999999999997
9.545999999999998
9.631999999999998
9.803999999999997
9.889999999999997
9.975999999999997
10.061999999999998
10.319999999999999
10.405999999999999
10.578
10.578
10.663999999999998
10.664000000000001
10.664000000000001
10.664000000000001
10.664000000000001
10.664000000000003
10.836000000000004
10.922000000000002
10.922000000000002
11.008000000000003
11.094000000000001
11.18
11.18
11.18
11.265999999999998
11.352
11.352
11.352
11.438000000000002
11.61
11.696
11.782
11.781999999999998
11.868
11.953999999999999
12.039999999999997
12.039999999999997
12.039999999999996
12.125999999999998
12.125999999999992
12.12599999999999
12.12599999999999
12.297999999999991
12.469999999999992
12.555999999999992
12.64199999999999
12.64199999999999
12.64199999999999
12.72799999999999
12.72799999999999
12.813999999999991
12.899999999999993
12.985999999999995
13.157999999999994
13.243999999999994
13.329999999999993
13.243999999999994
13.329999999999995
13.329999999999995
13.415999999999995
13.415999999999995
13.587999999999996
13.759999999999996
13.931999999999995
14.017999999999995
14.103999999999994
14.017999999999994
14.017999999999994
14.189999999999996
14.275999999999996
14.275999999999996
14.361999999999997
14.447999999999997
14.447999999999997
14.447999999999997
14.361999999999997
14.361999999999997
14.447999999999995
14.447999999999995
14.275999999999996
14.361999999999998
14.533999999999999
14.791999999999996
14.963999999999993
15.221999999999996
15.479999999999993
15.73799999999999
16.08199999999999
16.33999999999999
16.597999999999992
16.85599999999999
17.113999999999987
17.027999999999988
17.285999999999987
17.62999999999999
17.97399999999999
18.31799999999999
18.661999999999992
19.005999999999993
19.349999999999994
19.607999999999993
19.779999999999994
20.037999999999997
20.295999999999996
20.64
20.983999999999995
21.327999999999996
21.671999999999997
21.93
22.274
22.618
22.875999999999998
23.048
23.22
23.564
23.822000000000003
24.166
24.509999999999994
24.682
24.854
25.197999999999997
25.369999999999994
25.541999999999994
25.885999999999996
26.14399999999999
26.487999999999992
26.83199999999999
27.08999999999999
27.433999999999987
27.863999999999987
28.121999999999986
28.293999999999986
28.379999999999985
28.379999999999985
28.379999999999985
28.46599999999998
28.55199999999998
28.55199999999998
28.637999999999973
28.72399999999998
28.809999999999977
28.895999999999972
29.239999999999974
29.239999999999977
29.239999999999977
29.239999999999977
29.239999999999977
29.239999999999977
29.239999999999977
29.239999999999977
29.239999999999977
29.325999999999976
29.325999999999976
29.32599999999998
29.32599999999998
29.32599999999998
29.32599999999998
29.325999999999986
29.32599999999998
29.32599999999998
29.325999999999986
29.23999999999998
29.325999999999986
29.411999999999985
29.411999999999985
29.497999999999983
29.497999999999983
29.497999999999983
29.583999999999982
29.66999999999998
29.583999999999982
29.669999999999987
29.755999999999986
29.669999999999987
29.669999999999987
29.669999999999987
29.58399999999999
29.58399999999999
29.497999999999987
29.497999999999987
29.497999999999983
29.497999999999983
29.497999999999983
29.497999999999987
29.41199999999999
29.32599999999999
29.239999999999988
29.239999999999988
29.153999999999986
29.067999999999987
28.981999999999985
28.981999999999985
28.981999999999985
28.895999999999987
28.89599999999998
28.80999999999998
28.723999999999982
28.637999999999984
28.551999999999985
28.465999999999987
28.37999999999998
28.293999999999983
28.207999999999984
28.121999999999986
28.03599999999998
27.94999999999998
27.863999999999983
27.777999999999984
27.691999999999986
27.691999999999986
27.605999999999984
27.60599999999998
27.60599999999998
27.60599999999998
27.605999999999977
27.51999999999998
27.51999999999998
27.43399999999998
26.831999999999976
26.229999999999976
25.713999999999977
25.11199999999998
24.50999999999998
23.99399999999998
23.47799999999998
22.87599999999998
22.359999999999985
21.75799999999999
21.24199999999999
20.639999999999997
20.037999999999993
19.435999999999993
18.833999999999996
18.317999999999998
17.802
17.285999999999998
16.769999999999996
16.168
15.652000000000001
15.136000000000001
14.620000000000003
14.018000000000002
13.416000000000004
12.900000000000002
12.298000000000002
11.782000000000004
11.266000000000004
10.750000000000005
10.234000000000004
9.718000000000004
9.202000000000004
8.686000000000002
8.170000000000002
7.654000000000002
7.138000000000002
6.622000000000001
6.106
5.59
5.074000000000001
4.472
3.9560000000000004
3.4400000000000004
2.838
2.2359999999999998
1.6340000000000001
1.118
0.516
0.0
0.0
0.0
0.0
0.0
0.0
0.0
0.0
0.0
0.0
0.0
0.0
0.0
0.0
0.0
0.0
0.0
0.0
0.0
0.0
0.0
0.0
0.0
0.0
0.0
0.0
0.0
0.0
0.0
0.0
0.0
0.0
0.0
0.0
0.0
0.0
0.0
0.0
0.0
0.0
0.0
0.0
0.0
0.0
0.0
0.0
0.0
0.0
0.0
0.0
0.0
0.0
0.0
0.0
0.0
0.0
0.0
0.0
0.0
0.0
0.0
0.0
0.0
0.0
0.0
0.0
0.0
0.0
0.0
0.0
0.0
0.0
0.0
0.0
0.0
0.0
0.0
0.0
0.0
0.0
0.0
0.0
0.0
0.0
0.0
0.0
0.0
0.0
0.0
0.0
0.0
0.0
0.0
0.0
0.0
0.0
0.0
0.0
0.0
0.0
0.0
0.0
0.0
0.0
0.0
0.0
0.0
0.0
0.0
0.0
0.0
0.0
0.0
0.0
0.0
0.0
0.0
0.0
0.0
0.0
0.0
0.0
0.0
0.0
0.0
0.0
0.0
0.0
0.0
0.0
0.0
0.0
0.0
0.0
0.0
0.0
0.0
0.0
0.0
0.0
0.0
0.0
0.0
0.0
0.0
0.0
0.0
0.0
0.0
0.0
0.0
0.0
0.0
0.0
0.0
0.0
0.0
0.0
0.0
0.0
0.0
0.0
0.0
0.0
0.0
0.0
0.0
0.0
0.0
0.0
0.0
0.0
0.0
0.0
0.0
0.0
0.0
0.0
0.0
0.0
0.0
0.0
0.0
0.0
0.0
0.0
0.0
0.0
0.0
0.0
0.0
0.0
0.0
0.0
0.0
0.0
0.0
0.0
0.0
0.0
0.0
0.0
0.0
0.0
0.0
0.0
0.0
0.0
0.0
0.0
0.0
0.0
0.0
0.0
0.0
0.0
0.0
0.0
0.0
0.0
0.0
0.0
0.0
0.0
0.0
0.0
0.0
0.0
0.0
0.0
0.0
0.0
0.0
0.0
0.0
0.0
0.0
0.0
0.0
0.0
0.0
0.0
0.0
0.0
0.0
0.0
0.0
0.0
0.0
0.0
0.0
0.0
0.0
0.0
0.0
0.0
0.0
0.0
0.0
0.0
0.0
0.0
0.0
0.0
0.0
0.0
0.0
0.0
0.0
0.0
0.0
0.0
0.0
0.0
0.0
0.0
0.0
0.0
0.0
0.0
0.0
0.0
0.0
0.0
0.0
0.0
0.0
0.0
0.0
0.0
0.0
0.0
0.0
0.0
0.0
0.0
0.0
0.0
0.0
0.0
0.0
0.0
0.0
0.0
0.0
0.0
0.0
0.0
0.0
0.0
0.0
0.0
0.0
0.0
0.0
0.0
0.0
0.0
0.0
0.0
0.0
0.0
0.0
0.0
0.0
0.0
0.0
0.0
0.0
0.0
0.0
0.0
0.0
0.0
0.0
0.0
0.0
0.0
0.0
0.0
0.0
0.0
0.0
0.0
0.0
0.0
0.0
0.0
0.0
0.0
0.0
0.0
0.0
0.0
0.0
0.086
0.172
0.25799999999999995
0.344
0.43
0.516
0.602
0.688
0.7739999999999999
0.8599999999999999
0.9459999999999998
1.0319999999999998
1.1179999999999997
1.2039999999999997
1.2899999999999998
1.4619999999999995
1.5479999999999996
1.6339999999999995
1.8059999999999994
1.8919999999999992
1.9779999999999993
2.063999999999999
2.149999999999999
2.235999999999999
2.321999999999999
2.493999999999999
2.665999999999999
2.837999999999999
3.009999999999999
3.1819999999999986
3.3539999999999988
3.5259999999999985
3.6979999999999986
3.8699999999999983
4.041999999999998
4.213999999999998
4.385999999999998
4.557999999999998
4.729999999999998
4.9019999999999975
5.073999999999997
5.245999999999998
5.417999999999998
5.589999999999999
5.762
5.934
6.106
6.2780000000000005
6.450000000000001
6.622000000000002
6.708000000000002
6.794000000000002
6.880000000000003
6.966000000000003
7.052000000000003
7.138000000000003
7.224000000000003
7.310000000000003
7.3960000000000035
7.482000000000004
7.482000000000004
7.568000000000004
7.654000000000004
7.740000000000005
7.826000000000005
7.826000000000005
7.912000000000005
7.9980000000000055
7.9980000000000055
8.084000000000005
8.084000000000005
8.170000000000005
8.170000000000005
8.256000000000006
8.256000000000006
8.256000000000006
8.256000000000006
8.256000000000006
8.256000000000006
8.256000000000006
8.256000000000006
8.170000000000005
8.084000000000005
7.9980000000000055
7.912000000000005
7.826000000000005
7.826000000000005
7.826000000000005
7.826000000000005
7.826000000000005
7.826000000000006
7.826000000000006
7.826000000000006
7.826000000000006
7.826000000000006
7.826000000000006
7.826000000000006
7.7400000000000055
7.7400000000000055
7.7400000000000055
7.7400000000000055
7.740000000000006
7.740000000000006
7.740000000000006
7.740000000000006
7.740000000000006
7.7400000000000055
7.7400000000000055
7.7400000000000055
7.7400000000000055
7.826000000000006
7.826000000000006
7.826000000000006
7.826000000000006
7.826000000000006
7.826000000000006
7.826000000000005
7.826000000000005
7.740000000000005
7.740000000000005
7.740000000000005
7.740000000000005
7.826000000000005
7.826000000000005
7.912000000000005
7.826000000000005
7.826000000000005
7.740000000000005
7.654000000000004
7.568000000000004
7.482000000000004
7.482000000000004
7.482000000000004
7.482000000000004
7.482000000000004
7.482000000000004
7.3960000000000035
7.310000000000003
7.224000000000003
7.138000000000003
7.052000000000003
6.966000000000003
6.880000000000003
6.794000000000002
6.794000000000003
6.794000000000003
6.794000000000003
6.794000000000004
6.708000000000004
6.622000000000005
6.622000000000005
6.536000000000006
6.4500000000000055
6.364000000000005
6.278000000000007
6.278000000000007
6.192000000000006
6.106000000000006
6.020000000000006
5.9340000000000055
5.848000000000005
5.762000000000005
5.676000000000005
5.590000000000004
5.504000000000004
5.418000000000004
5.332000000000004
5.246000000000004
5.246000000000004
5.160000000000004
5.160000000000004
5.074000000000003
4.988000000000004
4.902000000000004
4.816000000000004
4.816000000000004
4.730000000000004
4.730000000000004
4.730000000000004
4.730000000000005
4.730000000000005
4.730000000000005
4.730000000000005
4.730000000000005
4.730000000000005
4.730000000000005
4.730000000000005
4.730000000000005
4.730000000000005
4.730000000000005
4.730000000000005
4.730000000000005
4.730000000000005
4.730000000000005
4.644000000000005
4.558000000000004
4.472000000000004
4.472000000000004
4.472000000000004
4.472000000000004
4.386000000000004
4.386000000000004
4.386000000000004
4.386000000000004
4.386000000000004
4.300000000000003
4.300000000000003
4.300000000000003
4.300000000000003
4.300000000000003
4.300000000000003
4.300000000000003
4.300000000000003
4.300000000000003
4.300000000000003
4.300000000000003
4.300000000000003
4.300000000000003
4.300000000000003
4.300000000000003
4.300000000000003
4.300000000000003
4.300000000000003
4.300000000000003
4.300000000000003
4.300000000000003
4.300000000000003
4.300000000000003
4.300000000000003
4.300000000000003
4.300000000000003
4.300000000000003
4.300000000000003
4.300000000000003
4.300000000000003
4.300000000000003
4.300000000000003
4.300000000000003
4.300000000000003
4.300000000000003
4.300000000000003
4.300000000000003
4.300000000000003
4.300000000000003
4.300000000000003
4.300000000000003
4.300000000000003
4.300000000000003
4.300000000000003
4.300000000000003
4.300000000000003
4.300000000000003
4.300000000000003
4.300000000000003
4.300000000000003
4.300000000000003
4.300000000000003
4.300000000000003
4.300000000000003
4.300000000000003
4.300000000000003
4.300000000000003
4.300000000000003
4.300000000000003
4.300000000000003
4.300000000000003
4.300000000000003
4.300000000000003
4.300000000000003
4.300000000000003
4.300000000000003
4.300000000000003
4.300000000000003
4.300000000000003
4.300000000000003
4.300000000000003
4.300000000000003
4.300000000000003
4.300000000000003
4.300000000000003
4.300000000000003
4.300000000000003
4.300000000000003
4.300000000000003
4.300000000000003
4.300000000000003
4.300000000000003
4.300000000000003
4.300000000000003
4.300000000000003
4.300000000000003
4.300000000000003
4.300000000000003
4.300000000000003
4.300000000000003
4.300000000000003
4.300000000000003
4.300000000000003
4.300000000000003
4.300000000000003
4.300000000000003
4.300000000000003
4.300000000000003
4.300000000000003
4.300000000000003
4.300000000000003
4.300000000000003
4.300000000000003
4.300000000000003
4.300000000000003
4.300000000000003
4.300000000000003
4.300000000000003
4.300000000000003
4.386000000000003
4.386000000000003
4.386000000000003
4.472000000000003
4.5580000000000025
4.5580000000000025
4.644000000000002
4.730000000000001
4.816000000000002
4.730000000000001
4.644000000000001
4.558000000000001
4.472
4.386
4.3
4.2139999999999995
4.127999999999999
4.041999999999999
3.955999999999999
3.8699999999999988
3.7839999999999994
3.697999999999999
3.6119999999999988
3.5259999999999985
3.439999999999999
3.3539999999999988
3.267999999999999
3.1819999999999986
3.0959999999999983
3.009999999999999
2.9239999999999986
2.837999999999999
2.751999999999999
2.665999999999999
2.5799999999999987
2.493999999999999
2.407999999999999
2.321999999999999
2.235999999999999
2.149999999999999
2.063999999999999
1.9779999999999995
1.8919999999999997
1.8059999999999996
1.7199999999999998
1.6339999999999997
1.5479999999999998
1.462
1.376
1.29
1.1179999999999999
1.032
0.9460000000000001
0.774
0.602
0.5159999999999999
0.344
0.172
0.0
0.0
0.0
0.0
0.0
0.0
0.0
0.0
0.0
0.0
0.0
0.0
0.0
0.0
0.0
0.0
0.0
0.0
0.0
0.0
0.0
0.0
0.0
0.0
0.0
0.0
0.0
0.0
0.0
0.0
0.0
0.0
0.0
0.0
0.0
0.0
0.0
0.0
0.086
0.172
0.25799999999999995
0.5159999999999999
0.688
0.7739999999999999
0.946
1.1179999999999999
1.29
1.462
1.6339999999999997
1.7199999999999998
1.8059999999999996
1.9779999999999995
2.1499999999999995
2.321999999999999
2.4939999999999993
2.665999999999999
2.837999999999999
3.009999999999999
3.1819999999999986
3.3539999999999988
3.5259999999999985
3.6979999999999986
3.8699999999999983
4.041999999999998
4.213999999999998
4.471999999999998
4.643999999999998
4.815999999999998
4.987999999999998
5.1599999999999975
5.331999999999998
5.503999999999999
5.675999999999999
5.848
6.02
6.192
6.364000000000001
6.536000000000001
6.708000000000002
6.880000000000003
7.052000000000003
7.224000000000003
7.3960000000000035
7.568000000000004
7.826000000000004
7.9120000000000035
7.9120000000000035
7.9120000000000035
7.826000000000004
7.740000000000004
7.6540000000000035
7.396000000000003
7.310000000000002
7.482000000000002
7.482000000000002
7.482000000000002
7.396000000000002
7.310000000000001
7.224000000000001
7.224000000000001
7.224000000000001
7.138000000000001
7.0520000000000005
6.966
6.880000000000001
6.7940000000000005
6.708000000000002
6.6220000000000026
6.536000000000002
6.450000000000002
6.364000000000002
6.278000000000002
6.192000000000003
6.1060000000000025
6.020000000000003
5.848000000000004
5.762000000000004
5.676000000000005
5.590000000000004
5.504000000000004
5.4180000000000055
5.332000000000005
5.246000000000005
5.1600000000000055
5.074000000000007
4.988000000000007
4.902000000000006
4.816000000000005
4.730000000000005
4.644000000000005
4.558000000000004
4.472000000000005
4.386000000000005
4.300000000000004
4.128000000000003
4.128000000000003
4.214000000000003
4.300000000000003
4.386000000000004
4.472000000000004
4.558000000000004
4.644000000000005
4.644000000000005
4.472000000000004
4.386000000000004
4.300000000000003
4.300000000000003
4.300000000000003
4.300000000000003
4.300000000000003
4.300000000000003
4.300000000000003
4.300000000000003
4.300000000000003
4.300000000000003
4.300000000000003
4.300000000000003
4.300000000000003
4.300000000000003
4.300000000000003
4.300000000000003
4.300000000000003
4.300000000000003
4.300000000000003
4.300000000000003
4.300000000000003
4.300000000000003
4.300000000000003
4.300000000000003
4.300000000000003
4.300000000000003
4.300000000000003
4.300000000000003
4.300000000000003
4.300000000000003
4.300000000000003
4.300000000000003
4.300000000000003
4.214000000000003
4.128000000000003
4.0420000000000025
3.9560000000000026
3.8700000000000023
3.784000000000002
3.6980000000000017
3.6120000000000014
3.5260000000000016
3.4400000000000013
3.354000000000001
3.2680000000000007
3.1820000000000004
3.096
3.01
2.924
2.8379999999999996
2.7519999999999993
2.665999999999999
2.5799999999999987
2.493999999999999
2.407999999999999
2.321999999999999
2.321999999999999
2.321999999999999
2.321999999999999
2.321999999999999
2.321999999999999
2.321999999999999
2.321999999999999
2.321999999999999
2.321999999999999
2.321999999999999
2.321999999999999
2.321999999999999
2.321999999999999
2.321999999999999
2.321999999999999
2.321999999999999
2.321999999999999
2.321999999999999
2.321999999999999
2.321999999999999
2.321999999999999
2.321999999999999
2.321999999999999
2.321999999999999
2.321999999999999
2.321999999999999
2.321999999999999
2.407999999999999
2.493999999999999
2.5799999999999987
2.665999999999999
2.7519999999999993
2.8379999999999996
2.924
3.01
3.096
3.1820000000000004
3.2680000000000007
3.354000000000001
3.4400000000000013
3.5260000000000016
3.6120000000000014
3.6980000000000017
3.784000000000002
3.8700000000000023
3.9560000000000026
4.0420000000000025
4.128000000000003
4.214000000000003
4.300000000000003
4.300000000000003
4.300000000000003
4.300000000000003
4.300000000000003
4.300000000000003
4.300000000000003
4.300000000000003
4.300000000000003
4.300000000000003
4.300000000000003
4.300000000000003
4.300000000000003
4.300000000000003
4.300000000000003
4.300000000000003
4.300000000000003
4.300000000000003
4.300000000000003
4.300000000000003
4.300000000000003
4.300000000000003
4.300000000000003
4.300000000000003
4.300000000000003
4.300000000000003
4.300000000000003
4.300000000000003
4.300000000000003
4.300000000000003
4.300000000000003
4.300000000000003
4.300000000000003
4.300000000000003
4.300000000000003
4.300000000000003
4.300000000000003
4.300000000000003
4.300000000000003
4.300000000000003
4.300000000000003
4.300000000000003
4.300000000000003
4.300000000000003
4.300000000000003
4.300000000000003
4.300000000000003
4.300000000000003
4.300000000000003
4.300000000000003
4.300000000000003
4.300000000000003
4.300000000000003
4.300000000000003
4.300000000000003
4.300000000000003
4.300000000000003
4.300000000000003
4.300000000000003
4.300000000000003
4.300000000000003
4.300000000000003
4.300000000000003
4.300000000000003
4.300000000000003
4.300000000000003
4.300000000000003
4.300000000000003
4.300000000000003
4.300000000000003
4.300000000000003
4.300000000000003
4.300000000000003
4.300000000000003
4.300000000000003
4.300000000000003
4.300000000000003
4.300000000000003
4.300000000000003
4.300000000000003
4.300000000000003
4.300000000000003
4.300000000000003
4.300000000000003
4.300000000000003
4.300000000000003
4.300000000000003
4.386000000000003
4.386000000000003
4.386000000000003
4.386000000000003
4.386000000000003
4.386000000000003
4.386000000000003
4.386000000000003
4.386000000000003
4.386000000000003
4.386000000000003
4.386000000000003
4.386000000000003
4.386000000000003
4.386000000000003
4.386000000000003
4.386000000000003
4.386000000000003
4.386000000000003
4.386000000000003
4.386000000000004
4.386000000000004
4.386000000000004
4.386000000000004
4.386000000000004
4.386000000000004
4.386000000000004
4.386000000000004
4.386000000000004
4.386000000000004
4.386000000000004
4.386000000000004
4.386000000000004
4.386000000000004
4.386000000000004
4.386000000000004
4.386000000000004
4.386000000000004
4.386000000000004
4.386000000000004
4.386000000000004
4.386000000000004
4.386000000000004
4.386000000000004
4.386000000000004
4.386000000000004
4.386000000000004
4.386000000000004
4.386000000000004
4.386000000000004
4.300000000000003
4.300000000000003
4.300000000000003
4.300000000000003
4.300000000000003
4.300000000000003
4.300000000000003
4.300000000000003
4.300000000000003
4.300000000000003
4.300000000000003
4.300000000000003
4.300000000000003
4.300000000000003
4.300000000000003
4.300000000000003
4.300000000000003
4.300000000000003
4.300000000000003
4.300000000000003
4.300000000000003
4.300000000000003
4.300000000000003
4.300000000000003
4.300000000000003
4.300000000000003
4.300000000000003
4.300000000000003
4.300000000000003
4.300000000000003
4.300000000000003
4.300000000000003
4.386000000000003
4.386000000000003
4.386000000000003
4.386000000000003
4.386000000000003
4.386000000000003
4.386000000000003
4.386000000000003
4.386000000000003
4.386000000000003
4.386000000000003
4.386000000000003
4.386000000000003
4.386000000000003
4.386000000000003
4.386000000000003
4.386000000000003
4.386000000000003
4.386000000000003
4.386000000000003
4.386000000000004
4.386000000000004
4.386000000000004
4.386000000000004
4.386000000000004
4.386000000000004
4.472000000000003
4.472000000000003
4.472000000000003
4.472000000000003
4.472000000000003
4.472000000000003
4.472000000000003
4.472000000000003
4.472000000000003
4.472000000000003
4.472000000000003
4.472000000000003
4.472000000000003
4.472000000000003
4.472000000000003
4.472000000000003
4.472000000000003
4.472000000000003
4.472000000000003
4.472000000000003
4.472000000000003
4.472000000000004
4.472000000000004
4.472000000000004
4.386000000000004
4.386000000000004
4.386000000000004
4.386000000000004
4.386000000000004
4.300000000000003
4.300000000000003
4.300000000000003
4.386000000000003
4.472000000000003
4.472000000000003
4.386000000000003
4.386000000000003
4.386000000000003
4.386000000000003
4.386000000000003
4.386000000000003
4.386000000000003
4.386000000000003
4.472000000000002
4.472000000000002
4.472000000000002
4.472000000000002
4.472000000000002
4.472000000000002
4.472000000000002
4.386000000000002
4.472000000000002
4.386000000000002
4.386000000000003
4.386000000000003
4.386000000000003
4.386000000000003
4.386000000000003
4.386000000000003
4.386000000000003
4.3000000000000025
4.3000000000000025
4.386000000000002
4.386000000000003
4.386000000000003
4.386000000000003
4.472000000000002
4.472000000000002
4.472000000000002
4.472000000000002
4.386000000000003
4.386000000000003
4.386000000000003
4.386000000000003
4.386000000000003
4.386000000000003
4.386000000000003
4.3000000000000025
4.3000000000000025
4.386000000000003
4.386000000000003
4.386000000000003
4.3000000000000025
4.3000000000000025
4.3000000000000025
4.386000000000003
4.472000000000002
4.472000000000003
4.5580000000000025
4.644000000000002
4.730000000000001
4.730000000000001
4.816000000000002
4.816000000000001
4.902
4.988
4.988
4.988
5.074
5.16
5.159999999999999
5.074
5.16
5.246
5.332000000000001
5.503999999999999
5.59
5.676
5.7620000000000005
5.848000000000001
6.020000000000001
6.192
6.278
6.45
6.535999999999999
6.621999999999999
6.621999999999999
6.621999999999999
6.621999999999999
6.708000000000001
6.7940000000000005
6.7940000000000005
6.880000000000001
6.966000000000003
7.052000000000003
7.052000000000003
7.224000000000003
7.482000000000003
7.654000000000002
7.826000000000001
8.084000000000001
8.342000000000002
8.514
8.514
8.771999999999998
8.943999999999999
9.201999999999998
9.373999999999997
9.459999999999997
9.545999999999998
9.631999999999996
9.803999999999995
9.889999999999993
9.975999999999994
10.061999999999994
10.147999999999994
10.319999999999995
10.491999999999994
10.491999999999996
10.577999999999996
10.749999999999995
10.921999999999995
11.093999999999994
11.265999999999995
11.523999999999994
11.695999999999994
11.953999999999994
12.125999999999994
12.297999999999995
12.383999999999993
12.555999999999994
12.641999999999996
12.641999999999996
12.727999999999998
12.9
12.985999999999999
13.158
13.329999999999998
13.415999999999999
13.588
13.846000000000002
14.190000000000003
14.448
14.706000000000001
14.964
15.308
15.480000000000002
15.652000000000001
15.738000000000001
15.91
15.910000000000002
15.910000000000002
15.996000000000004
16.168000000000003
16.168000000000003
16.254000000000005
16.168000000000006
16.168000000000003
16.168000000000003
16.168000000000003
16.082000000000004
16.082000000000004
16.082000000000004
16.082000000000004
16.082000000000004
15.91
15.824000000000003
15.652000000000001
15.652000000000001
15.48
15.394
15.308000000000002
15.136
14.963999999999999
14.706
14.361999999999997
14.275999999999994
14.361999999999993
14.447999999999995
14.619999999999996
14.619999999999996
14.705999999999994
14.791999999999996
14.791999999999998
14.792
14.964
15.050000000000002
15.222000000000003
15.394000000000005
15.394000000000005
15.308000000000003
15.050000000000004
14.792000000000005
14.534000000000006
14.276000000000005
13.932000000000006
13.674000000000005
13.416000000000006
13.158000000000005
12.900000000000004
12.728000000000003
12.556000000000001
12.384000000000004
12.212000000000003
11.954
11.782000000000004
11.610000000000003
11.524000000000003
11.352
11.266000000000004
11.180000000000001
11.008000000000003
10.922000000000002
10.836000000000004
10.664000000000005
10.750000000000007
10.750000000000007
10.750000000000007
10.750000000000007
10.750000000000007
10.664000000000009
10.578000000000007
10.664000000000009
10.66400000000001
10.664000000000012
10.75000000000001
10.492000000000012
10.234000000000014
9.976000000000013
9.718000000000012
9.460000000000012
9.202000000000009
8.94400000000001
8.77200000000001
8.600000000000009
8.342000000000008
7.998000000000006
7.654000000000005
7.482000000000006
7.310000000000006
7.2240000000000055
7.138000000000005
7.138000000000005
7.052000000000005
6.966000000000005
7.052000000000005
7.052000000000005
7.052000000000005
7.052000000000005
6.966000000000005
6.966000000000005
6.880000000000004
6.794000000000003
6.708000000000003
6.794000000000003
6.794000000000004
6.708000000000004
6.708000000000004
6.708000000000004
6.708000000000004
6.708000000000004
6.708000000000004
6.708000000000004
6.708000000000003
6.708000000000004
6.708000000000004
6.794000000000003
6.880000000000004
6.8800000000000034
6.966000000000004
7.138000000000003
7.138000000000003
7.052000000000003
7.138000000000003
7.224000000000002
7.138000000000001
7.224000000000001
7.310000000000001
7.310000000000001
7.310000000000002
7.482
7.568
7.654
7.568
7.5680000000000005
7.654
7.654000000000001
7.654000000000001
7.568000000000001
7.654000000000001
7.654000000000001
7.740000000000001
7.826000000000001
7.998000000000001
8.17
8.084
8.084
8.170000000000002
8.256000000000002
8.342000000000002
8.342000000000002
8.428000000000003
8.600000000000001
8.772000000000002
8.686000000000002
8.686000000000002
8.772000000000002
8.772000000000002
8.772000000000002
8.858000000000002
8.944000000000003
9.030000000000003
9.030000000000003
9.030000000000005
9.116000000000005
9.030000000000006
8.858000000000006
8.858000000000006
8.858000000000008
8.858000000000008
8.772000000000007
8.858000000000008
8.858000000000008
8.686000000000005
8.600000000000005
8.686000000000007
8.686000000000009
8.514000000000008
8.428000000000008
8.428000000000008
8.342000000000008
8.170000000000009
8.170000000000009
8.170000000000009
8.084000000000009
7.998000000000007
8.084000000000009
8.084000000000009
8.084000000000009
7.912000000000007
7.826000000000007
7.826000000000007
7.654000000000005
7.568000000000007
7.482000000000005
7.482000000000006
7.396000000000006
7.310000000000006
7.310000000000005
7.310000000000006
7.310000000000006
7.2240000000000055
7.138000000000005
7.052000000000005
7.052000000000006
6.9660000000000055
6.9660000000000055
6.9660000000000055
7.052000000000005
6.9660000000000055
6.9660000000000055
6.880000000000006
6.794000000000006
6.794000000000004
6.794000000000004
6.794000000000004
6.794000000000004
6.794000000000004
6.794000000000004
6.794000000000004
6.708000000000003
6.708000000000003
6.794000000000003
6.794000000000003
6.708000000000004
6.708000000000003
6.6220000000000026
6.708000000000003
6.794000000000004
6.708000000000004
6.708000000000003
6.708000000000003
6.6220000000000026
6.622000000000003
6.622000000000003
6.6220000000000026
6.536000000000002
6.536000000000004
6.622000000000003
6.622000000000003
6.622000000000003
6.622000000000003
6.622000000000003
6.536000000000004
6.536000000000004
6.536000000000004
6.536000000000004
6.536000000000004
6.536000000000004
6.450000000000005
6.450000000000005
6.536000000000005
6.536000000000005
6.536000000000005
6.622000000000006
6.7080000000000055
6.622000000000005
6.536000000000005
6.536000000000005
6.4500000000000055
6.450000000000005
6.536000000000005
6.622000000000005
6.450000000000005
6.364000000000003
6.536000000000002
6.6220000000000026
6.6220000000000026
6.536000000000002
6.536000000000002
6.6220000000000026
6.6220000000000026
6.536000000000002
6.708000000000001
6.88
6.880000000000001
6.966000000000001
7.0520000000000005
7.138
7.224
7.138
7.31
7.481999999999998
7.653999999999997
7.7399999999999975
7.825999999999998
7.911999999999998
8.083999999999998
8.083999999999998
8.17
8.341999999999999
8.427999999999999
8.514
8.685999999999998
8.771999999999998
8.857999999999999
8.943999999999999
9.03
9.115999999999998
9.287999999999998
9.287999999999998
9.288
9.374
9.374
9.459999999999999
9.46
9.632
9.632
9.632
9.718
9.718000000000002
9.718
9.718000000000002
9.804000000000002
9.804000000000002
9.632000000000003
9.632000000000003
9.546000000000003
9.632000000000003
9.632000000000005
9.632000000000005
9.546000000000005
9.546000000000005
9.460000000000006
9.374000000000006
9.374000000000008
9.288000000000007
9.202000000000007
9.116000000000009
9.030000000000008
9.030000000000008
8.94400000000001
8.77200000000001
8.60000000000001
8.514000000000008
8.428000000000008
8.428000000000008
8.342000000000008
8.256000000000007
8.170000000000009
7.998000000000008
7.912000000000007
7.912000000000007
7.8260000000000085
7.654000000000007
7.654000000000007
7.654000000000008
7.482000000000006
7.310000000000007
7.2240000000000055
7.2240000000000055
7.138000000000005
7.052000000000005
6.966000000000005
6.880000000000004
6.880000000000004
6.708000000000004
6.708000000000004
6.708000000000004
6.622000000000003
6.622000000000005
6.536000000000004
6.536000000000004
6.622000000000003
6.708000000000004
6.8800000000000034
6.8800000000000034
6.966000000000004
6.966000000000004
6.966000000000004
6.966000000000004
7.052000000000004
7.138000000000004
7.138000000000004
7.138000000000004
7.138000000000004
7.224000000000005
7.2240000000000055
7.2240000000000055
7.2240000000000055
7.2240000000000055
7.138000000000005
7.138000000000004
7.138000000000005
7.138000000000004
7.052000000000004
6.966000000000004
6.8800000000000034
6.8800000000000034
6.8800000000000034
6.880000000000003
6.794000000000003
6.794000000000002
6.708000000000002
6.708000000000002
6.708000000000002
6.708000000000002
6.794000000000003
6.8800000000000034
6.794000000000004
6.708000000000004
6.708000000000004
6.622000000000005
6.622000000000005
6.536000000000006
6.4500000000000055
6.4500000000000055
6.4500000000000055
6.364000000000005
6.364000000000005
6.278000000000005
6.278000000000005
6.192000000000005
6.106000000000005
6.020000000000006
5.848000000000005
5.762000000000005
5.676000000000005
5.590000000000004
5.504000000000004
5.504000000000004
5.418000000000004
5.332000000000004
5.246000000000004
5.160000000000005
5.074000000000005
4.988000000000005
4.902000000000005
4.902000000000004
4.988000000000003
4.988000000000003
5.074000000000003
5.160000000000004
5.246000000000004
5.246000000000004
5.3320000000000025
5.418000000000003
5.418000000000003
5.504000000000003
5.590000000000003
5.5900000000000025
